2458590.04332 14.229 0.034  K
2458590.07243 14.213 0.030  K
2458590.12032 14.233 0.032  K
2458591.05482 14.250 0.028  K
2458591.08237 14.244 0.027  K
2458591.13651 14.280 0.030  K
2458592.05906 14.300 0.029  K
2458592.13006 14.309 0.033  K
2458593.05462 14.292 0.029  K
2458593.08302 14.280 0.028  K
2458593.12736 14.257 0.027  K
2458594.05400 14.249 0.027  K
2458594.08191 14.327 0.036  K
2458594.12610 14.231 0.025  K
2458595.05054 14.235 0.024  K
2458595.12240 14.244 0.026  K
2458599.03520 14.270 0.029  K
2458599.06333 14.241 0.034  K
2458599.11472 14.240 0.026  K
2458600.03557 14.275 0.030  K
2458600.06329 14.244 0.027  K
2458600.11493 14.215 0.028  K
2458601.03028 14.305 0.029  K
2458601.11434 14.220 0.025  K
2458605.02498 14.224 0.025  K
2458605.05520 14.221 0.027  K
2458605.09934 14.224 0.024  K
2458606.02839 14.252 0.025  K
2458606.06212 14.241 0.026  K
2458606.11048 14.253 0.042  K
2458607.10309 14.231 0.026  K
2458611.02339 14.217 0.026  K
2458611.05168 14.208 0.027  K
2458611.10066 14.221 0.028  K
2458612.03550 14.198 0.024  K
2458612.06404 14.193 0.024  K
2458612.11595 14.221 0.025  K
2458613.02600 14.212 0.030  K
2458613.11182 14.201 0.028  K
2458614.00502 14.222 0.038  K
2458614.08304 14.219 0.026  K
2458614.98904 14.249 0.026  K
2458615.01744 14.232 0.026  K
2458615.06544 14.255 0.030  K
2458615.99038 14.197 0.034  K
2458616.06639 14.237 0.026  K
2458616.98092 14.234 0.035  K
2458617.00866 14.249 0.036  K
2458617.05816 14.256 0.026  K
2458618.02778 14.261 0.030  K
2458618.02910 14.187 0.033  K
2458618.03076 14.195 0.027  K
2458618.96696 14.221 0.026  K
2458619.04337 14.203 0.025  K
2458619.98289 14.202 0.035  K
2458620.06474 14.218 0.026  K
2458620.98664 14.226 0.026  K
2458621.01484 14.200 0.026  K
2458621.06528 14.230 0.025  K
2458621.98704 14.293 0.033  K
2458622.07243 14.238 0.028  K
2458623.03453 14.219 0.027  K
2458623.03586 14.199 0.028  K
2458623.03718 14.219 0.027  K
2458626.99810 14.179 0.031  K
2458627.02650 14.191 0.025  K
2458627.07571 14.201 0.026  K
2458627.97594 14.261 0.028  K
2458628.00448 14.209 0.029  K
2458628.05652 14.219 0.029  K
2458628.99433 14.198 0.027  K
2458629.07509 14.207 0.027  K
2458629.96678 14.242 0.030  K
2458629.99490 14.219 0.034  K
2458630.04348 14.200 0.031  K
2458630.98719 14.155 0.023  K
2458630.98880 14.158 0.023  K
2458630.99013 14.152 0.023  K
2458631.96753 14.128 0.030  K
2458632.04810 14.150 0.030  K
2458632.93505 14.159 0.024  K
2458632.96518 14.155 0.037  K
2458633.01134 14.142 0.027  K
2458633.92716 14.212 0.027  K
2458633.95641 14.159 0.028  K
2458634.00456 14.122 0.073  K
2458634.94732 14.261 0.031  K
2458635.02791 14.157 0.029  K
2458635.97657 14.157 0.026  K
2458635.97819 14.186 0.033  K
2458635.97972 14.138 0.025  K
2458636.93276 14.160 0.025  K
2458636.96096 14.137 0.030  K
2458637.01161 14.140 0.024  K
2458637.91887 14.176 0.031  K
2458637.99475 14.129 0.026  K
2458639.94732 14.075 0.027  K
2458639.97616 14.103 0.026  K
2458640.04785 14.098 0.024  K
2458641.95453 14.083 0.029  K
2458641.98288 14.085 0.025  K
2458642.91160 14.079 0.026  K
2458642.95005 14.039 0.025  K
2458642.99440 14.050 0.025  K
2458643.94217 14.050 0.031  K
2458644.01605 14.020 0.025  K
2458644.93029 14.030 0.024  K
2458644.97884 14.008 0.026  K
2458645.94409 13.956 0.023  K
2458645.94541 13.953 0.029  K
2458645.94674 13.971 0.024  K
2458646.90517 13.897 0.021  K
2458646.98588 13.889 0.022  K
2458647.92744 13.849 0.025  K
2458647.95553 13.894 0.025  K
2458648.00666 13.852 0.021  K
2458648.91803 13.793 0.021  K
2458648.94603 13.773 0.028  K
2458648.99698 13.759 0.023  K
2458649.90596 13.734 0.022  K
2458649.98266 13.714 0.022  K
2458653.89606 13.278 0.020  K
2458653.92381 13.257 0.023  K
2458653.97488 13.272 0.019  K
2458654.89512 13.407 0.020  K
2458654.92291 13.404 0.030  K
2458654.97291 13.424 0.019  K
2458655.90301 13.596 0.023  K
2458656.89573 13.718 0.021  K
2458659.89025 13.828 0.029  K
2458659.92037 13.851 0.027  K
2458659.96682 13.846 0.028  K
2458660.88388 13.798 0.022  K
2458660.91714 13.750 0.024  K
2458660.96152 13.745 0.024  K
2458662.96638 13.685 0.022  K
2458662.96770 13.695 0.023  K
2458662.96903 13.705 0.022  K
2458664.83406 13.862 0.024  K
2458664.91007 13.843 0.022  K
2458664.95647 13.844 0.030  K
2458664.98427 13.848 0.034  K
2458665.84318 13.949 0.025  K
2458665.87131 13.911 0.027  K
2458666.83646 13.957 0.026  K
2458666.86454 13.940 0.023  K
2458666.91277 13.953 0.022  K
2458666.95578 13.976 0.032  K
2458666.98373 13.955 0.033  K
2458667.83137 13.971 0.028  K
2458667.91585 13.996 0.023  K
2458667.95901 13.975 0.031  K
2458667.98729 13.987 0.032  K
2458668.84617 14.026 0.030  K
2458668.87433 14.025 0.026  K
2458668.92381 14.019 0.026  K
2458669.88489 14.016 0.024  K
2458669.91311 14.003 0.027  K
2458669.96071 14.051 0.024  K
2458671.85717 14.013 0.031  K
2458671.88494 14.021 0.023  K
2458671.93361 14.029 0.025  K
2458672.90591 14.117 0.049  K
2458672.90884 14.120 0.033  K
2458674.82883 14.078 0.027  K
2458674.86064 14.069 0.026  K
2458674.95390 14.099 0.029  K
2458675.80120 14.092 0.032  K
2458675.83345 14.043 0.025  K
2458675.88557 14.039 0.029  K
2458676.81055 14.057 0.025  K
2458676.88671 14.057 0.024  K
2458677.88374 14.089 0.028  K
2458677.88533 14.059 0.028  K
2458677.88665 14.059 0.028  K
2458680.87351 14.051 0.023  K
2458680.90161 14.034 0.023  K
2458680.95024 14.081 0.026  K
2458708.75682 14.267 0.066  K
2458708.79481 14.205 0.027  K
2458709.76515 14.298 0.066  K
2458709.84074 14.272 0.033  K
2458710.76150 14.214 0.046  K
2458710.79496 14.205 0.035  K
2458710.84635 14.209 0.026  K
2458711.82433 14.187 0.025  K
2458711.85732 14.214 0.028  K
2458712.79743 14.283 0.038  K
2458713.85688 14.272 0.034  K
2458714.75276 14.282 0.029  K
2458714.78837 14.275 0.029  K
2458714.84361 14.231 0.039  K
2458715.75266 14.303 0.045  K
2458715.78722 14.325 0.040  K
2458715.83879 14.270 0.032  K
2458716.82992 14.256 0.035  K
2458717.80099 14.291 0.044  K
2458717.83477 14.300 0.030  K
2458718.77210 14.301 0.030  K
2458718.80657 14.300 0.034  K
2458718.85107 14.282 0.029  K
2458719.76891 14.244 0.026  K
2458719.80296 14.289 0.029  K
2458719.84762 14.293 0.036  K
2458721.77008 14.338 0.138  K
2458721.80094 14.166 0.075  K
2458722.81829 14.303 0.034  K
2458724.76670 14.304 0.037  K
2458724.80081 14.299 0.034  K
2458733.77733 14.356 0.062  K
2458734.76799 14.299 0.031  K
2458734.80375 14.336 0.035  K
2458736.73537 14.423 0.134  K
2458736.76723 14.271 0.030  K
2457864.03154 14.199 0.042  K
2457864.07047 14.234 0.031  K
2457864.11626 14.198 0.049  K
2457865.02618 14.209 0.042  K
2457865.10792 14.271 0.031  K
2457878.02363 14.206 0.033  K
2457878.06809 14.277 0.029  K
2457878.11178 14.217 0.032  K
2457878.99306 14.212 0.040  K
2457879.03278 14.213 0.050  K
2457879.08397 14.208 0.039  K
2457880.00083 14.174 0.046  K
2457880.09105 14.215 0.040  K
2457880.99427 14.201 0.045  K
2457881.03689 14.204 0.045  K
2457881.08074 14.194 0.039  K
2457882.02803 14.183 0.039  K
2457882.02934 14.175 0.045  K
2457882.03065 14.199 0.050  K
2457882.97993 14.257 0.045  K
2457883.06543 14.228 0.038  K
2457883.99595 14.213 0.046  K
2457884.03574 14.194 0.041  K
2457884.08694 14.226 0.026  K
2457885.01189 14.232 0.038  K
2457885.05201 14.201 0.039  K
2457885.10201 14.243 0.041  K
2457886.00497 14.232 0.027  K
2457886.09506 14.256 0.036  K
2457887.03272 14.259 0.037  K
2457887.03403 14.235 0.029  K
2457887.03560 14.288 0.036  K
2457890.95584 14.227 0.045  K
2457890.99746 14.199 0.045  K
2457891.04099 14.205 0.043  K
2457891.95758 14.235 0.043  K
2457892.04594 14.196 0.041  K
2457892.96063 14.245 0.033  K
2457893.00722 14.262 0.029  K
2457893.05077 14.266 0.034  K
2457893.99267 14.213 0.034  K
2457893.99397 14.203 0.035  K
2457893.99528 14.195 0.041  K
2457894.94547 14.178 0.045  K
2457895.08139 14.214 0.048  K
2457897.96242 14.265 0.036  K
2457898.04430 14.195 0.040  K
2457899.03337 14.187 0.040  K
2457899.03576 14.204 0.049  K
2457899.97546 14.209 0.043  K
2457900.01457 14.176 0.053  K
2457900.06442 14.219 0.035  K
2457900.95349 14.251 0.031  K
2457901.04034 14.204 0.028  K
2457901.96278 14.201 0.025  K
2457902.01022 14.210 0.038  K
2457902.06362 14.185 0.046  K
2457902.95284 14.251 0.029  K
2457903.93527 14.240 0.025  K
2457904.03268 14.201 0.051  K
2457904.95706 14.209 0.047  K
2457904.99568 14.212 0.043  K
2457905.04480 14.203 0.052  K
2457905.93384 14.211 0.047  K
2457905.97239 14.193 0.046  K
2457906.02660 14.199 0.034  K
2457907.94195 14.233 0.027  K
2457907.98042 14.181 0.048  K
2457908.03249 14.231 0.047  K
2457909.91894 14.212 0.045  K
2457910.00710 14.226 0.047  K
2457910.90265 14.199 0.045  K
2457910.94128 14.172 0.049  K
2457910.99641 14.214 0.036  K
2457911.93993 14.194 0.041  K
2457911.97853 14.194 0.032  K
2457912.90589 14.239 0.044  K
2457912.98725 14.214 0.031  K
2457916.91709 14.189 0.046  K
2457916.96139 14.198 0.043  K
2457917.01122 14.211 0.045  K
2457917.91465 14.213 0.025  K
2457917.95809 14.216 0.036  K
2457918.00588 14.186 0.051  K
2457918.90160 14.225 0.043  K
2457918.98795 14.216 0.047  K
2457920.95017 14.191 0.050  K
2457920.95146 14.200 0.052  K
2457920.95276 14.205 0.032  K
2457924.88235 14.245 0.030  K
2457924.96601 14.226 0.036  K
2457925.92189 14.193 0.046  K
2457925.92320 14.187 0.053  K
2457925.92450 14.201 0.045  K
2457926.86538 14.205 0.036  K
2457926.90399 14.160 0.049  K
2457926.95360 14.190 0.052  K
2457927.89846 14.182 0.044  K
2457927.98459 14.199 0.043  K
2457928.87064 14.229 0.034  K
2457928.91321 14.202 0.025  K
2457928.96411 14.193 0.038  K
2457929.86213 14.233 0.028  K
2457929.90743 14.200 0.049  K
2457929.95749 14.200 0.045  K
2457930.87022 14.182 0.045  K
2457930.95667 14.216 0.038  K
2457931.91363 14.186 0.039  K
2457931.95613 14.258 0.040  K
2457932.86219 14.256 0.035  K
2457932.90696 14.286 0.036  K
2457932.95490 14.306 0.029  K
2457933.84411 14.325 0.031  K
2457933.93104 14.229 0.026  K
2457934.84223 14.236 0.026  K
2457934.88071 14.211 0.034  K
2457934.92436 14.179 0.039  K
2457935.89317 14.259 0.029  K
2457935.89447 14.304 0.030  K
2457935.89576 14.255 0.032  K
2457936.87564 14.285 0.029  K
2457936.96090 14.231 0.046  K
2457937.83887 14.242 0.047  K
2457937.88622 14.205 0.041  K
2457937.93045 14.181 0.037  K
2457939.84765 14.259 0.041  K
2457939.93343 14.407 0.064  K
2457944.87623 14.239 0.038  K
2457944.92947 14.282 0.039  K
2457945.87733 14.215 0.038  K
2457945.96250 14.263 0.029  K
2457947.89890 14.244 0.031  K
2457947.90020 14.273 0.038  K
2457947.90151 14.258 0.028  K
2457948.81409 14.316 0.034  K
2457948.90291 14.298 0.031  K
2457949.83245 14.240 0.027  K
2457949.87324 14.242 0.040  K
2457949.91699 14.233 0.028  K
2457950.81695 14.163 0.049  K
2457950.86146 14.182 0.052  K
2457950.90508 14.198 0.040  K
2457951.81230 14.190 0.040  K
2457951.89832 14.220 0.040  K
2457952.88468 14.181 0.042  K
2457952.88597 14.169 0.038  K
2457952.88728 14.181 0.040  K
2457953.86458 14.222 0.027  K
2457953.90772 14.202 0.039  K
2457953.95261 14.221 0.036  K
2457954.79196 14.219 0.032  K
2457954.87369 14.193 0.044  K
2457955.80831 14.181 0.034  K
2457955.84673 14.184 0.047  K
2457955.89022 14.226 0.044  K
2457957.78881 14.293 0.029  K
2457957.87326 14.300 0.036  K
2457958.78483 14.179 0.046  K
2457958.82755 14.185 0.040  K
2457958.87825 14.191 0.038  K
2457959.78482 14.289 0.030  K
2457959.82638 14.234 0.036  K
2457959.87089 14.198 0.031  K
2457960.78836 14.244 0.029  K
2457960.88494 14.347 0.034  K
2457961.78374 14.242 0.038  K
2457961.83156 14.340 0.048  K
2457961.87919 14.255 0.033  K
2457964.78265 14.229 0.044  K
2457964.82693 14.204 0.042  K
2457964.87081 14.175 0.050  K
2457965.76968 14.245 0.040  K
2457965.81995 14.380 0.059  K
2457965.86353 14.409 0.066  K
2457966.77621 14.229 0.037  K
2457966.86046 14.226 0.032  K
2457967.81487 14.175 0.038  K
2457967.81618 14.172 0.039  K
2457967.81747 14.174 0.040  K
2457970.78032 14.337 0.036  K
2457970.82811 14.221 0.050  K
2457970.88307 14.232 0.034  K
2457971.77860 14.242 0.038  K
2457971.81811 14.221 0.033  K
2457971.86887 14.244 0.028  K
2457972.76813 14.324 0.029  K
2457972.85131 14.219 0.047  K
2457974.84347 14.287 0.028  K
2457976.77401 14.192 0.043  K
2457976.82338 14.211 0.034  K
2457976.87345 14.202 0.042  K
2457977.76753 14.187 0.042  K
2457977.81348 14.206 0.036  K
2457977.85708 14.215 0.039  K
2457978.76409 14.188 0.042  K
2457978.85364 14.187 0.038  K
2457979.80355 14.212 0.036  K
2457979.80484 14.211 0.041  K
2457979.80614 14.206 0.047  K
2457980.76339 14.231 0.044  K
2457980.80239 14.205 0.034  K
2457980.85108 14.260 0.033  K
2457981.76836 14.250 0.038  K
2457981.85612 14.219 0.038  K
2457982.76658 14.293 0.032  K
2457982.80525 14.259 0.034  K
2457982.85429 14.292 0.050  K
2457983.76041 14.222 0.043  K
2457983.79903 14.200 0.039  K
2457983.84759 14.223 0.040  K
2457985.80112 14.208 0.029  K
2457988.75930 14.258 0.028  K
2457988.83363 14.282 0.033  K
2457989.75829 14.263 0.034  K
2457989.82448 14.236 0.070  K
2457990.75927 14.214 0.038  K
2457990.82556 14.210 0.036  K
2457991.76020 14.208 0.037  K
2457991.82583 14.278 0.036  K
2457992.75970 14.235 0.034  K
2457992.83312 14.183 0.046  K
2457993.80605 14.261 0.040  K
2458222.05428 14.267 0.040  K
2458222.12664 14.203 0.052  K
2458234.07782 14.290 0.038  K
2458236.11684 14.289 0.043  K
2458236.11813 14.302 0.050  K
2458236.11945 14.288 0.042  K
2458253.96910 14.267 0.046  K
2458253.99692 14.339 0.054  K
2458254.05458 14.222 0.047  K
2458254.98062 14.242 0.041  K
2458255.05801 14.240 0.049  K
2458256.99434 14.252 0.034  K
2458257.02211 14.274 0.054  K
2458257.06720 14.254 0.044  K
2458257.97188 14.299 0.050  K
2458258.05423 14.311 0.053  K
2458258.99123 14.249 0.046  K
2458259.01894 14.247 0.048  K
2458259.06815 14.313 0.035  K
2458259.98845 14.281 0.046  K
2458260.01638 14.239 0.049  K
2458260.06115 14.223 0.048  K
2458260.96290 14.213 0.041  K
2458261.03859 14.210 0.053  K
2458261.96129 14.259 0.043  K
2458261.98973 14.263 0.043  K
2458262.04425 14.197 0.044  K
2458263.02731 14.241 0.044  K
2458263.02861 14.270 0.046  K
2458263.03015 14.250 0.048  K
2458263.94441 14.256 0.052  K
2458264.01644 14.216 0.049  K
2458264.96942 14.283 0.046  K
2458265.00466 14.258 0.053  K
2458265.04814 14.235 0.043  K
2458265.97939 14.211 0.034  K
2458266.01232 14.234 0.043  K
2458266.05863 14.253 0.047  K
2458266.93032 14.257 0.048  K
2458267.00071 14.221 0.050  K
2458271.94641 14.277 0.041  K
2458271.97519 14.248 0.040  K
2458272.04993 14.296 0.045  K
2458272.99142 14.319 0.045  K
2458273.02579 14.235 0.046  K
2458273.07001 14.287 0.039  K
2458273.94282 14.278 0.049  K
2458274.01410 14.251 0.035  K
2458274.91675 14.324 0.061  K
2458274.95020 14.297 0.050  K
2458274.99523 14.293 0.045  K
2458275.97584 14.271 0.038  K
2458275.97757 14.346 0.049  K
2458275.97888 14.257 0.051  K
2458279.89846 14.230 0.030  K
2458279.97658 14.217 0.044  K
2458281.91305 14.268 0.034  K
2458281.97944 14.240 0.048  K
2458282.89702 14.257 0.037  K
2458282.97334 14.229 0.044  K
2458283.90111 14.290 0.037  K
2458283.97225 14.252 0.038  K
2458284.91401 14.217 0.047  K
2458284.98457 14.212 0.042  K
2458285.91167 14.242 0.035  K
2458285.99604 14.316 0.053  K
2458286.91840 14.263 0.045  K
2458286.98907 14.237 0.053  K
2458290.92863 14.230 0.039  K
2458290.93024 14.232 0.026  K
2458290.93155 14.256 0.026  K
2458291.89241 14.276 0.042  K
2458291.96813 14.336 0.068  K
2458292.88880 14.253 0.027  K
2458292.95865 14.228 0.036  K
2458293.85159 14.223 0.042  K
2458293.92501 14.325 0.038  K
2458294.89229 14.254 0.043  K
2458294.97295 14.243 0.038  K
2458298.87226 14.230 0.044  K
2458298.94411 14.213 0.043  K
2458299.88632 14.288 0.030  K
2458299.95862 14.295 0.038  K
2458300.90512 14.255 0.035  K
2458300.98836 14.260 0.043  K
2458303.93422 14.291 0.040  K
2458304.89262 14.218 0.042  K
2458304.96535 14.246 0.044  K
2458305.85519 14.254 0.031  K
2458305.88996 14.236 0.031  K
2458305.94218 14.257 0.045  K
2458307.90323 14.288 0.033  K
2458307.90454 14.278 0.034  K
2458307.92649 14.238 0.025  K
2458308.85872 14.333 0.047  K
2458308.88602 14.273 0.037  K
2458308.93362 14.317 0.044  K
2458309.83318 14.281 0.032  K
2458309.91434 14.270 0.039  K
2458310.85763 14.300 0.067  K
2458310.88572 14.234 0.042  K
2458310.93715 14.262 0.035  K
2458311.86103 14.280 0.029  K
2458311.88915 14.257 0.052  K
2458311.93890 14.309 0.034  K
2458312.83186 14.242 0.041  K
2458312.91204 14.278 0.050  K
2458315.86537 14.226 0.044  K
2458315.94130 14.306 0.029  K
2458316.87155 14.339 0.046  K
2458316.90057 14.320 0.060  K
2458316.95032 14.316 0.049  K
2458319.88635 14.378 0.116  K
2458321.82163 14.288 0.050  K
2458321.89635 14.232 0.055  K
2458327.82806 14.214 0.049  K
2458327.90814 14.262 0.034  K
2458328.77628 14.299 0.045  K
2458328.80926 14.282 0.041  K
2458328.85327 14.327 0.030  K
2458329.83550 14.264 0.051  K
2458329.83678 14.247 0.052  K
2458329.83809 14.245 0.033  K
2458330.77025 14.280 0.038  K
2458330.84929 14.254 0.043  K
2458331.77282 14.373 0.069  K
2458331.80787 14.317 0.057  K
2458331.85357 14.322 0.053  K
2458332.80284 14.334 0.058  K
2458333.77907 14.270 0.045  K
2458333.85795 14.499 0.087  K
2458335.82872 14.265 0.036  K
2458335.85601 14.268 0.040  K
2458336.75922 14.232 0.042  K
2458336.83729 14.243 0.045  K
