2458590.10371 15.360 0.063  H
2458591.11478 15.739 0.090  H
2458592.11340 15.693 0.091  H
2458593.11049 15.490 0.063  H
2458594.10925 15.426 0.068  H
2458595.10551 15.462 0.074  H
2458599.09697 15.293 0.063  H
2458600.09805 15.361 0.064  H
2458601.09747 15.377 0.065  H
2458605.08252 15.215 0.056  H
2458606.09367 15.153 0.053  H
2458607.08603 15.175 0.060  H
2458611.08362 15.110 0.063  H
2458612.09860 14.966 0.049  H
2458614.06262 15.023 0.058  H
2458615.04854 15.034 0.064  H
2458616.04956 15.038 0.057  H
2458617.03608 15.052 0.059  H
2458619.02659 15.125 0.065  H
2458620.04799 15.120 0.060  H
2458621.04834 15.119 0.052  H
2458622.04759 15.386 0.079  H
2458627.05850 15.218 0.059  H
2458628.03945 15.434 0.066  H
2458629.05783 15.345 0.066  H
2458630.02632 15.681 0.090  H
2458632.03141 15.302 0.059  H
2458632.99453 15.321 0.071  H
2458633.98781 15.617 0.128  H
2458635.01115 15.459 0.071  H
2458636.99482 15.366 0.065  H
2458637.97802 15.524 0.068  H
2458640.03118 15.520 0.077  H
2458642.01094 15.521 0.074  H
2458642.97761 15.500 0.073  H
2458643.99943 15.498 0.072  H
2458644.96221 15.567 0.080  H
2458646.96908 15.463 0.074  H
2458647.98988 15.430 0.069  H
2458648.98021 15.418 0.061  H
2458649.96601 15.640 0.076  H
2458653.95824 15.878 0.100  H
2458654.95607 15.497 0.067  H
2458660.94490 15.514 0.064  H
2458664.89355 15.386 0.064  H
2458665.01225 15.518 0.073  H
2458665.90768 15.546 0.067  H
2458666.89616 15.480 0.069  H
2458668.90724 15.719 0.090  H
2458669.94422 15.470 0.067  H
2458671.91702 15.470 0.066  H
2458675.86111 15.712 0.083  H
2458676.87020 15.520 0.073  H
2458680.93335 15.644 0.077  H
2458708.83726 15.689 0.094  H
2458709.82435 15.760 0.096  H
2458710.82288 15.732 0.096  H
2458714.82186 15.780 0.085  H
2458718.83464 15.871 0.091  H
2458719.83122 15.570 0.082  H
2458721.82880 15.578 0.074  H
2458724.82873 15.693 0.077  H
2458736.79981 15.777 0.082  H
2457487.10558 15.632 0.085  H
2457487.15044 15.699 0.100  H
2457488.08118 15.632 0.086  H
2457488.12728 15.689 0.098  H
2457489.08445 15.655 0.091  H
2457489.14005 15.695 0.082  H
2457490.09005 15.698 0.098  H
2457490.14002 15.713 0.100  H
2457491.09913 15.679 0.099  H
2457491.14365 15.851 0.099  H
2457492.09518 15.962 0.144  H
2457492.13983 15.916 0.116  H
2457493.08498 16.036 0.130  H
2457493.12953 16.024 0.135  H
2457494.07580 15.699 0.102  H
2457494.12035 15.615 0.103  H
2457495.07838 15.680 0.099  H
2457495.12927 15.665 0.098  H
2457496.12586 16.254 0.185  H
2457497.08468 16.011 0.144  H
2457497.13061 15.859 0.112  H
2457498.04900 15.863 0.120  H
2457498.09435 15.639 0.093  H
2457499.08021 16.314 0.180  H
2457499.12443 15.863 0.128  H
2457500.06105 15.703 0.092  H
2457500.10709 15.700 0.100  H
2457501.04286 15.777 0.101  H
2457501.08798 15.809 0.112  H
2457502.05447 15.939 0.136  H
2457502.09906 15.780 0.107  H
2457503.04931 15.751 0.105  H
2457503.09434 15.697 0.098  H
2457507.04931 15.687 0.100  H
2457507.10034 15.750 0.104  H
2457508.06222 15.775 0.107  H
2457508.10677 15.987 0.129  H
2457509.05306 15.724 0.102  H
2457509.10484 15.692 0.090  H
2457510.02426 15.752 0.107  H
2457510.13027 15.702 0.103  H
2457511.03478 15.816 0.109  H
2457511.08392 15.800 0.115  H
2457512.09152 15.796 0.113  H
2457513.02025 15.769 0.108  H
2457513.06826 15.687 0.098  H
2457515.01313 15.757 0.101  H
2457515.05857 15.761 0.101  H
2457516.00877 16.030 0.152  H
2457516.05456 15.688 0.109  H
2457517.02112 15.764 0.103  H
2457517.06466 16.127 0.176  H
2457519.08372 16.406 0.204  H
2457520.04068 15.866 0.118  H
2457520.08607 15.735 0.102  H
2457521.04070 15.807 0.100  H
2457521.08390 15.687 0.100  H
2457523.05776 15.743 0.102  H
2457524.03223 15.789 0.110  H
2457524.09564 15.744 0.105  H
2457525.01587 15.954 0.136  H
2457526.00934 15.720 0.106  H
2457526.05371 15.768 0.108  H
2457527.01345 15.657 0.136  H
2457527.06417 15.695 0.100  H
2457527.98832 15.755 0.111  H
2457528.03361 15.774 0.103  H
2457528.99118 15.687 0.104  H
2457529.03965 15.777 0.110  H
2457529.98033 15.765 0.104  H
2457530.03799 15.876 0.120  H
2457531.01584 15.752 0.112  H
2457531.06351 15.818 0.109  H
2457532.00059 15.713 0.111  H
2457532.04773 15.709 0.101  H
2457535.04685 15.713 0.108  H
2457536.02284 15.817 0.113  H
2457536.07155 15.738 0.098  H
2457537.98832 15.903 0.114  H
2457538.08185 15.629 0.095  H
2457539.00627 15.708 0.104  H
2457539.05004 15.739 0.103  H
2457539.95751 15.704 0.103  H
2457540.00600 16.121 0.178  H
2457540.98274 15.819 0.108  H
2457541.03927 15.978 0.120  H
2457541.95860 15.698 0.094  H
2457542.00518 15.760 0.100  H
2457542.05732 15.686 0.085  H
2457542.93255 15.956 0.113  H
2457543.03383 15.853 0.110  H
2457543.96627 15.900 0.116  H
2457544.01558 15.927 0.123  H
2457544.06305 15.859 0.101  H
2457544.93393 15.784 0.105  H
2457544.98348 15.697 0.088  H
2457545.02771 16.035 0.175  H
2457545.94815 15.759 0.105  H
2457545.99725 15.707 0.091  H
2457546.05428 15.658 0.092  H
2457546.91924 15.731 0.100  H
2457546.96599 15.816 0.110  H
2457547.01051 15.728 0.092  H
2457547.95870 15.705 0.091  H
2457548.00269 15.658 0.086  H
2457548.05020 15.693 0.092  H
2457548.96496 15.677 0.090  H
2457549.00966 15.735 0.092  H
2457549.95751 15.700 0.094  H
2457550.00933 15.696 0.096  H
2457550.05408 15.773 0.092  H
2457550.94452 15.729 0.094  H
2457550.98974 15.766 0.095  H
2457551.03943 15.847 0.100  H
2457554.95485 15.965 0.136  H
2457555.00192 15.807 0.109  H
2457555.04535 15.791 0.105  H
2457555.91597 15.647 0.094  H
2457555.95944 15.682 0.087  H
2457556.01159 15.612 0.119  H
2457558.92874 15.737 0.093  H
2457558.97521 15.798 0.097  H
2457559.02309 15.820 0.114  H
2457561.92379 15.767 0.105  H
2457561.97370 15.743 0.096  H
2457562.02250 15.785 0.094  H
2457562.87682 15.778 0.106  H
2457562.92515 15.799 0.096  H
2457562.97099 15.862 0.114  H
2457563.91199 15.751 0.097  H
2457563.95587 15.822 0.105  H
2457564.90875 15.728 0.093  H
2457564.95253 15.662 0.090  H
2457565.00270 15.761 0.094  H
2457567.96641 15.769 0.109  H
2457573.85192 15.682 0.090  H
2457573.90253 15.813 0.098  H
2457573.94923 15.760 0.089  H
2457574.86387 15.638 0.086  H
2457574.91096 15.946 0.121  H
2457574.95632 15.832 0.103  H
2457575.89305 15.610 0.089  H
2457575.94961 15.695 0.074  H
2457576.86435 15.722 0.089  H
2457576.91128 15.885 0.115  H
2457576.96010 15.878 0.110  H
2457577.84041 15.892 0.115  H
2457577.88690 15.837 0.100  H
2457577.93380 15.957 0.124  H
2457864.09966 15.369 0.053  H
2457865.09134 15.493 0.072  H
2457878.09518 15.536 0.083  H
2457879.06737 15.436 0.052  H
2457880.07441 15.454 0.053  H
2457881.06416 15.404 0.049  H
2457883.04885 15.499 0.064  H
2457884.06968 15.471 0.055  H
2457885.08078 15.456 0.060  H
2457886.07824 15.675 0.089  H
2457891.02447 15.456 0.053  H
2457892.02933 15.404 0.053  H
2457893.03423 15.566 0.073  H
2457895.06487 15.466 0.056  H
2457898.02777 15.470 0.069  H
2457900.04791 15.446 0.053  H
2457901.02372 15.479 0.061  H
2457902.04712 15.460 0.055  H
2457905.02826 15.441 0.054  H
2457906.01013 15.434 0.053  H
2457908.01607 15.553 0.070  H
2457909.99037 15.610 0.068  H
2457910.97993 15.461 0.054  H
2457912.00735 15.547 0.077  H
2457912.97086 15.538 0.074  H
2457916.98849 15.400 0.051  H
2457917.98945 15.493 0.063  H
2457918.97145 15.564 0.062  H
2457924.94964 15.470 0.066  H
2457926.93726 15.439 0.051  H
2457927.96774 15.413 0.051  H
2457928.94665 15.410 0.052  H
2457929.94112 15.459 0.054  H
2457932.93770 15.665 0.081  H
2457933.91468 15.520 0.068  H
2457934.90801 15.404 0.052  H
2457936.94465 15.480 0.054  H
2457937.91390 15.448 0.057  H
2457945.94579 15.504 0.057  H
2457948.88637 15.880 0.120  H
2457949.90072 15.485 0.056  H
2457950.88879 15.499 0.056  H
2457951.88205 15.468 0.062  H
2457953.93637 15.443 0.055  H
2457954.85742 15.406 0.049  H
2457955.87396 15.713 0.084  H
2457958.85492 15.390 0.057  H
2457959.85462 15.560 0.070  H
2457960.86494 15.438 0.051  H
2457961.85977 15.568 0.071  H
2457964.85461 15.523 0.065  H
2457965.84733 15.846 0.108  H
2457966.84427 15.551 0.065  H
2457970.85560 15.609 0.072  H
2457971.85162 15.531 0.068  H
2457972.83516 15.618 0.072  H
2457974.88015 15.986 0.128  H
2457976.85472 15.463 0.058  H
2457977.84085 15.445 0.058  H
2457978.83751 15.443 0.058  H
2457980.83459 15.545 0.062  H
2457981.83365 15.525 0.077  H
2457983.82637 15.528 0.067  H
2457988.79202 15.586 0.085  H
2457989.79172 15.628 0.077  H
2457990.79219 15.488 0.058  H
2457991.79340 15.754 0.082  H
2457992.79948 15.547 0.058  H
2457993.83956 15.610 0.074  H
2458222.10970 15.467 0.063  H
2458254.03800 15.604 0.068  H
2458255.03639 15.516 0.062  H
2458257.05061 15.565 0.065  H
2458259.04651 15.502 0.059  H
2458260.04429 15.682 0.089  H
2458261.02168 15.427 0.058  H
2458262.02749 15.494 0.058  H
2458263.99979 15.457 0.074  H
2458265.03167 15.541 0.068  H
2458266.04192 15.563 0.078  H
2458266.98425 15.451 0.065  H
2458272.02047 15.640 0.070  H
2458273.05332 15.582 0.078  H
2458273.99764 15.813 0.113  H
2458274.97839 15.671 0.089  H
2458279.95992 15.478 0.060  H
2458281.94618 15.502 0.060  H
2458282.95653 15.515 0.057  H
2458283.93863 15.554 0.063  H
2458284.95204 15.544 0.064  H
2458286.95563 15.561 0.071  H
2458291.95175 16.011 0.134  H
2458292.92551 15.557 0.075  H
2458294.95601 15.531 0.061  H
2458298.91037 15.458 0.065  H
2458299.92280 15.726 0.085  H
2458300.97128 15.477 0.064  H
2458303.99071 15.624 0.101  H
2458304.93039 15.430 0.062  H
2458305.92566 15.488 0.063  H
2458308.91728 15.584 0.082  H
2458309.89804 15.507 0.068  H
2458310.92065 15.458 0.061  H
2458311.92185 15.608 0.081  H
2458315.92191 15.517 0.071  H
2458319.94677 15.663 0.074  H
2458321.88013 15.501 0.067  H
2458327.89154 15.502 0.063  H
2458328.83706 15.634 0.072  H
2458330.83049 15.509 0.065  H
2458331.83736 15.899 0.120  H
2458333.84152 15.611 0.070  H
2458335.88866 15.535 0.064  H
2458336.82112 15.464 0.055  H
2458613.09491 14.688 0.047  K
2458618.08328 14.950 0.054  K
2458623.08384 14.896 0.053  K
2458631.03932 15.005 0.055  K
2458636.02750 15.205 0.066  K
2458645.99650 15.341 0.070  K
2458663.01604 15.270 0.069  K
2458667.89950 15.174 0.060  K
2458677.93998 15.611 0.109  K
2457882.09454 15.176 0.065  K
2457887.10551 15.413 0.092  K
2457894.05602 15.236 0.070  K
2457904.01568 15.227 0.059  K
2457921.01460 15.239 0.069  K
2457925.97841 15.216 0.065  K
2457930.94052 15.310 0.086  K
2457935.95000 15.239 0.064  K
2457947.95810 15.374 0.084  K
2457957.85723 15.313 0.076  K
2457967.87379 15.240 0.060  K
2457979.86037 15.169 0.054  K
2458258.03741 15.488 0.108  K
2458263.07632 15.274 0.069  K
2458276.02454 15.370 0.082  K
2458285.97957 15.336 0.073  K
2458290.97707 15.195 0.060  K
2458312.89592 15.446 0.080  K
2458329.89561 15.351 0.079  K
