2458590.05011 15.006 0.051  H
2458591.06161 15.025 0.068  H
2458592.06588 15.076 0.070  H
2458593.06155 14.948 0.070  H
2458594.06091 14.953 0.058  H
2458595.05744 14.972 0.046  H
2458599.04228 14.987 0.061  H
2458600.04248 14.975 0.060  H
2458601.03721 14.946 0.065  H
2458605.03380 14.938 0.056  H
2458606.03533 14.979 0.069  H
2458607.02073 14.994 0.071  H
2458611.03055 14.951 0.055  H
2458612.04263 14.940 0.049  H
2458614.01199 14.955 0.060  H
2458614.99616 14.927 0.050  H
2458615.99761 14.986 0.048  H
2458616.98788 14.937 0.065  H
2458618.97391 14.960 0.057  H
2458619.98991 14.967 0.055  H
2458620.99362 14.950 0.057  H
2458621.99457 14.930 0.074  H
2458627.00536 14.957 0.059  H
2458627.98315 14.960 0.075  H
2458629.00146 14.920 0.062  H
2458629.97380 14.972 0.076  H
2458631.97452 14.931 0.056  H
2458632.94212 14.877 0.049  H
2458633.93419 14.869 0.066  H
2458634.95442 14.916 0.067  H
2458636.93979 14.873 0.057  H
2458637.92592 14.899 0.066  H
2458639.95483 14.891 0.049  H
2458641.96173 14.897 0.065  H
2458642.91865 14.881 0.080  H
2458643.94919 14.866 0.057  H
2458644.90935 14.898 0.056  H
2458646.91225 14.820 0.048  H
2458647.93454 14.860 0.060  H
2458648.92514 14.860 0.059  H
2458649.91302 14.836 0.060  H
2458653.90312 14.830 0.054  H
2458654.90219 14.813 0.059  H
2458655.91007 14.812 0.074  H
2458657.00493 14.802 0.059  H
2458659.89734 14.790 0.083  H
2458660.89096 14.765 0.055  H
2458664.84118 14.756 0.034  H
2458664.96359 14.783 0.048  H
2458665.85027 14.735 0.053  H
2458666.84387 14.726 0.051  H
2458666.96290 14.714 0.053  H
2458667.96621 14.743 0.054  H
2458668.85348 14.743 0.063  H
2458669.89202 14.714 0.054  H
2458671.86430 14.672 0.056  H
2458674.83598 14.642 0.047  H
2458675.80834 14.672 0.062  H
2458676.81770 14.634 0.043  H
2458680.88074 14.591 0.052  H
2458708.76944 14.020 0.054  H
2458709.77261 14.003 0.048  H
2458710.76871 13.967 0.057  H
2458711.83155 13.908 0.038  H
2458712.83287 13.866 0.066  H
2458713.86410 13.867 0.057  H
2458714.76000 13.838 0.055  H
2458715.75988 13.825 0.056  H
2458716.83719 13.744 0.056  H
2458717.80840 13.742 0.050  H
2458718.77941 13.692 0.036  H
2458719.77616 13.668 0.055  H
2458721.77737 13.496 0.066  H
2458722.82571 13.580 0.063  H
2458724.77400 13.479 0.059  H
2458733.78473 13.368 0.051  H
2458734.77527 13.348 0.046  H
2458736.74263 13.417 0.050  H
2457865.05650 15.173 0.086  H
2457880.03112 15.164 0.069  H
2457883.00985 15.218 0.087  H
2457886.04257 15.159 0.092  H
2457891.98788 15.153 0.074  H
2457894.97813 15.205 0.097  H
2457897.99216 15.157 0.090  H
2457900.98369 15.168 0.090  H
2457903.97211 15.186 0.122  H
2457909.95237 15.207 0.093  H
2457912.93564 15.194 0.104  H
2457918.93138 15.175 0.112  H
2457924.91417 15.222 0.105  H
2457927.92896 15.173 0.075  H
2457930.90049 15.252 0.091  H
2457933.87462 15.163 0.098  H
2457936.90967 15.191 0.085  H
2457939.87754 15.239 0.110  H
2457945.90729 15.182 0.092  H
2457948.84415 15.213 0.123  H
2457951.84662 15.137 0.077  H
2457954.82181 15.168 0.077  H
2457957.82183 15.068 0.122  H
2457960.82605 15.138 0.111  H
2457966.80848 15.207 0.115  H
2457972.80013 15.190 0.094  H
2457978.79491 15.207 0.087  H
2457981.79842 15.246 0.097  H
2458006.71290 15.123 0.079  H
2458006.71415 15.101 0.097  H
2458007.71557 14.984 0.103  H
2458007.71682 15.000 0.094  H
2458008.72053 15.110 0.095  H
2458008.72180 15.074 0.086  H
2458009.71848 14.903 0.143  H
2458009.71972 14.980 0.124  H
2458010.71802 15.113 0.093  H
2458010.71927 15.135 0.090  H
2458011.71779 15.107 0.088  H
2458011.71904 15.098 0.077  H
2458019.70773 15.144 0.091  H
2458019.70897 15.134 0.071  H
2458020.71056 14.854 0.105  H
2458020.71181 14.837 0.087  H
2458021.70708 15.070 0.091  H
2458021.70832 15.123 0.088  H
2458025.71996 15.047 0.089  H
2458025.72119 15.084 0.070  H
2458026.70825 15.075 0.089  H
2458026.70949 15.045 0.098  H
2458027.70850 15.147 0.093  H
2458027.70975 15.068 0.081  H
2458029.70770 15.143 0.079  H
2458029.70895 15.091 0.102  H
2458030.71027 14.949 0.083  H
2458030.71151 14.999 0.095  H
2458036.69461 15.048 0.096  H
2458036.69586 15.019 0.097  H
2458037.69764 15.108 0.089  H
2458037.69888 15.122 0.090  H
2458222.07346 15.244 0.079  H
2458234.10517 15.154 0.097  H
2458255.00008 15.132 0.079  H
2458257.99136 15.150 0.084  H
2458260.98239 15.128 0.073  H
2458263.96343 15.204 0.060  H
2458266.94935 15.175 0.068  H
2458273.96182 15.125 0.097  H
2458279.91807 15.122 0.073  H
2458282.91744 15.089 0.087  H
2458285.93507 15.093 0.109  H
2458291.91147 15.083 0.112  H
2458294.91172 15.100 0.070  H
2458300.93245 15.118 0.072  H
2458303.95357 15.319 0.077  H
2458309.85601 15.100 0.071  H
2458312.85090 15.108 0.084  H
2458315.88690 15.065 0.068  H
2458321.84074 15.122 0.088  H
2458327.85041 15.123 0.067  H
2458330.79273 15.140 0.088  H
2458333.79818 15.247 0.112  H
2458336.77836 15.134 0.067  H
2458592.07801 15.106 0.107  H
2458595.06983 15.111 0.084  H
2458601.04953 15.093 0.086  H
2458607.04479 15.122 0.092  H
2458613.04556 15.115 0.085  H
2458616.00992 15.080 0.072  H
2458618.98626 15.102 0.090  H
2458622.00724 15.064 0.090  H
2458629.01433 15.041 0.084  H
2458631.98700 15.031 0.064  H
2458634.96753 15.033 0.090  H
2458637.94251 14.986 0.093  H
2458643.96173 14.969 0.079  H
2458646.92470 14.982 0.074  H
2458649.92641 14.966 0.090  H
2458664.85385 14.831 0.064  H
2458667.85104 14.865 0.079  H
2458676.83048 14.770 0.069  H
