2457864.02340 15.324 0.086  K
2457864.06234 15.418 0.085  K
2457864.10809 15.319 0.086  K
2457865.01801 15.437 0.087  K
2457865.09974 15.447 0.126  K
2457878.01535 15.031 0.075  K
2457878.05993 15.461 0.154  K
2457878.10358 15.182 0.099  K
2457878.98489 15.025 0.081  K
2457879.02471 14.986 0.070  K
2457879.07580 14.958 0.072  K
2457879.99268 14.974 0.073  K
2457880.08285 14.981 0.085  K
2457880.98613 14.931 0.084  K
2457881.02878 14.934 0.072  K
2457881.07256 14.911 0.090  K
2457882.00427 14.943 0.068  K
2457882.00557 14.919 0.076  K
2457882.00688 14.936 0.070  K
2457882.97179 15.041 0.088  K
2457883.05724 14.993 0.080  K
2457883.98717 14.835 0.075  K
2457884.02752 14.951 0.077  K
2457884.07875 14.903 0.068  K
2457885.00357 14.966 0.063  K
2457885.04385 14.830 0.075  K
2457885.09327 14.866 0.069  K
2457885.99690 14.883 0.066  K
2457886.08692 14.968 0.102  K
2457887.00892 15.057 0.120  K
2457887.01022 14.988 0.121  K
2457887.01152 14.910 0.103  K
2457890.94767 14.634 0.061  K
2457890.98933 14.623 0.062  K
2457891.03284 14.594 0.072  K
2457891.94944 14.537 0.066  K
2457892.03774 14.489 0.080  K
2457892.95248 14.570 0.078  K
2457892.99106 14.544 0.065  K
2457893.04261 14.599 0.076  K
2457893.96892 14.495 0.072  K
2457893.97024 14.526 0.063  K
2457893.97154 14.448 0.073  K
2457894.93733 14.458 0.072  K
2457895.07324 14.414 0.061  K
2457897.94676 14.335 0.064  K
2457898.03613 14.247 0.054  K
2457898.98999 14.184 0.069  K
2457898.99128 14.205 0.065  K
2457898.99260 14.208 0.057  K
2457899.96734 14.158 0.059  K
2457900.00643 14.134 0.061  K
2457900.05628 14.165 0.059  K
2457900.94154 14.102 0.060  K
2457901.03218 14.075 0.042  K
2457901.95474 13.982 0.055  K
2457902.00201 14.011 0.048  K
2457902.05546 13.991 0.059  K
2457902.94231 13.938 0.054  K
2457903.92715 13.882 0.052  K
2457904.02455 13.822 0.056  K
2457904.94897 13.753 0.060  K
2457904.98758 13.760 0.055  K
2457905.03669 13.764 0.058  K
2457905.92574 13.657 0.058  K
2457905.96427 13.640 0.065  K
2457906.01848 13.622 0.060  K
2457907.93389 13.539 0.055  K
2457907.97234 13.469 0.049  K
2457908.02439 13.472 0.038  K
2457909.91085 13.206 0.037  K
2457909.99873 13.175 0.046  K
2457910.89454 13.053 0.069  K
2457910.93321 13.050 0.042  K
2457910.98826 13.024 0.040  K
2457911.97044 12.859 0.041  K
2457912.89775 12.737 0.040  K
2457912.97915 12.747 0.075  K
2457916.90898 12.176 0.057  K
2457916.95331 12.178 0.038  K
2457917.00303 12.197 0.054  K
2457917.90594 12.019 0.023  K
2457917.94998 12.062 0.053  K
2457917.99777 12.043 0.050  K
2457918.89324 12.528 0.041  K
2457918.97986 12.615 0.048  K
2457920.92647 13.490 0.035  K
2457920.92778 13.526 0.068  K
2457920.92909 13.539 0.067  K
2457924.87436 13.371 0.055  K
2457924.95792 13.338 0.057  K
2457925.89350 13.419 0.056  K
2457925.89479 13.417 0.043  K
2457925.89610 13.436 0.059  K
2457926.85729 13.570 0.053  K
2457926.89589 13.561 0.046  K
2457926.94550 13.571 0.056  K
2457927.89045 13.656 0.067  K
2457927.97652 13.676 0.059  K
2457928.86258 13.818 0.056  K
2457928.90519 13.809 0.044  K
2457928.95603 13.757 0.068  K
2457929.85406 13.879 0.060  K
2457929.89939 13.889 0.046  K
2457929.94939 13.862 0.066  K
2457930.86215 13.926 0.053  K
2457930.94860 13.970 0.054  K
2457931.90557 14.002 0.057  K
2457931.94805 14.054 0.053  K
2457932.85414 14.191 0.067  K
2457932.89892 14.148 0.074  K
2457932.94660 14.229 0.103  K
2457933.83610 14.239 0.055  K
2457933.92298 14.241 0.057  K
2457934.83419 14.259 0.059  K
2457934.87270 14.264 0.048  K
2457934.91630 14.237 0.061  K
2457935.86459 14.403 0.066  K
2457935.86589 14.354 0.067  K
2457935.86720 14.339 0.072  K
2457936.86767 14.415 0.067  K
2457936.95289 14.367 0.047  K
2457937.83074 14.371 0.052  K
2457937.86988 14.403 0.057  K
2457937.92227 14.387 0.066  K
2457939.83964 15.013 0.166  K
2457939.92538 14.733 0.104  K
2457944.86825 14.735 0.057  K
2457944.92142 14.785 0.081  K
2457945.85723 14.754 0.060  K
2457945.95402 14.786 0.048  K
2457947.87523 14.908 0.092  K
2457947.87652 14.917 0.077  K
2457947.87782 14.939 0.094  K
2457948.80604 15.352 0.164  K
2457948.89460 15.035 0.119  K
2457949.82445 14.971 0.098  K
2457949.86420 14.920 0.051  K
2457949.90896 14.973 0.072  K
2457950.80897 14.879 0.066  K
2457950.85344 14.919 0.060  K
2457950.89702 14.941 0.061  K
2457951.80428 14.945 0.061  K
2457951.89031 15.059 0.075  K
2457952.86078 14.937 0.067  K
2457952.86209 14.925 0.065  K
2457952.86349 14.967 0.059  K
2457953.85659 14.989 0.070  K
2457953.89968 15.018 0.068  K
2457953.94459 15.051 0.067  K
2457954.78394 15.057 0.066  K
2457954.86564 15.002 0.059  K
2457955.80034 15.039 0.066  K
2457955.83876 15.030 0.077  K
2457955.88220 15.135 0.098  K
2457957.78083 15.641 0.187  K
2457957.86524 15.490 0.159  K
2457958.77653 15.081 0.074  K
2457958.81530 15.099 0.071  K
2457958.86309 15.060 0.070  K
2457959.77678 15.365 0.113  K
2457959.81846 15.379 0.110  K
2457959.86281 15.308 0.102  K
2457960.78044 15.204 0.086  K
2457960.87314 15.307 0.083  K
2457961.77576 15.297 0.111  K
2457961.82088 15.327 0.110  K
2457961.86797 15.388 0.118  K
2457964.77473 15.306 0.081  K
2457964.81901 15.244 0.077  K
2457964.86282 15.261 0.070  K
2457965.76167 15.399 0.114  K
2457965.80103 15.396 0.135  K
2457965.85551 15.410 0.117  K
2457966.76824 15.382 0.096  K
2457966.85246 15.503 0.109  K
2457967.79051 15.468 0.116  K
2457967.79182 15.387 0.096  K
2457967.79313 15.579 0.125  K
2457970.77245 15.575 0.127  K
2457970.82012 15.641 0.129  K
2457970.87508 15.471 0.082  K
2457971.77061 15.547 0.133  K
2457971.81011 15.461 0.083  K
2457971.85979 15.453 0.090  K
2457972.76024 15.677 0.132  K
2457972.84331 15.483 0.087  K
2457974.85737 15.488 0.094  K
2457976.76551 15.361 0.095  K
2457976.81535 15.421 0.092  K
2457976.86291 15.488 0.094  K
2457977.75960 15.439 0.084  K
2457977.80549 15.438 0.100  K
2457977.84909 15.449 0.091  K
2457978.75591 15.446 0.100  K
2457978.84565 15.433 0.097  K
2457979.77946 15.518 0.092  K
2457979.78077 15.511 0.084  K
2457979.78208 15.526 0.089  K
2457980.75547 15.692 0.113  K
2457980.79417 15.566 0.093  K
2457980.84275 15.483 0.083  K
2457981.76031 15.884 0.166  K
2457981.84813 15.624 0.089  K
2457982.75864 16.013 0.185  K
2457982.79723 15.759 0.154  K
2457983.75246 15.711 0.126  K
2457983.79102 15.617 0.100  K
2457983.83453 15.692 0.105  K
2457985.79159 15.637 0.101  K
2457985.85371 15.749 0.121  K
2457988.77285 15.798 0.130  K
2457988.82531 15.807 0.148  K
2457989.77203 15.668 0.103  K
2457989.81651 16.022 0.173  K
2457990.77282 15.723 0.105  K
2457990.81722 15.843 0.148  K
2457991.77375 15.682 0.093  K
2457991.81785 15.933 0.169  K
2457992.77325 15.687 0.100  K
2457992.82505 15.606 0.096  K
2457993.81960 16.061 0.195  K
2458006.70997 15.923 0.116  K
2458006.71122 15.932 0.119  K
2458007.71274 16.476 0.237  K
2458007.71399 16.583 0.258  K
2458008.71770 16.225 0.169  K
2458008.71895 16.031 0.128  K
2458010.71467 16.178 0.142  K
2458010.71644 16.186 0.166  K
2458011.71494 16.071 0.129  K
2458011.71620 16.170 0.150  K
2458013.70867 15.922 0.119  K
2458019.70490 16.091 0.118  K
2458019.70615 16.073 0.115  K
2458020.70773 17.267 0.366  K
2458021.70397 16.138 0.135  K
2458021.70522 16.182 0.131  K
2458025.71712 16.220 0.143  K
2458025.71837 16.283 0.142  K
2458026.70542 16.227 0.148  K
2458026.70665 16.288 0.156  K
2458027.70567 15.959 0.104  K
2458027.70692 15.883 0.097  K
2458029.70486 16.229 0.115  K
2458029.70610 16.169 0.112  K
2458036.69178 16.454 0.213  K
2458036.69303 16.559 0.229  K
2458037.69479 16.284 0.150  K
2458037.69603 16.315 0.153  K
2458222.04605 16.332 0.207  K
2458222.11825 15.902 0.103  K
2458234.06966 16.397 0.260  K
2458236.09064 16.289 0.221  K
2458236.09193 16.332 0.259  K
2458253.96084 16.138 0.160  K
2458253.98864 16.355 0.201  K
2458254.04643 16.035 0.129  K
2458254.97159 16.144 0.165  K
2458255.04490 16.329 0.215  K
2458255.96454 16.206 0.160  K
2458256.98603 16.360 0.220  K
2458257.01397 16.176 0.169  K
2458257.05903 16.060 0.144  K
2458258.04584 16.349 0.226  K
2458259.01075 16.385 0.218  K
2458259.05989 16.354 0.223  K
2458259.98025 16.102 0.169  K
2458260.00811 16.167 0.171  K
2458260.05287 16.418 0.236  K
2458260.95457 15.999 0.107  K
2458261.03025 15.923 0.099  K
2458261.95303 16.014 0.118  K
2458261.98149 16.253 0.180  K
2458262.03596 16.057 0.121  K
2458263.00327 16.078 0.147  K
2458263.00459 16.131 0.151  K
2458263.00589 15.983 0.120  K
2458263.93547 16.142 0.189  K
2458264.00830 16.117 0.180  K
2458264.99652 16.234 0.203  K
2458265.04001 16.206 0.181  K
2458265.97128 16.186 0.156  K
2458265.99915 15.993 0.126  K
2458266.05024 15.982 0.157  K
2458266.99257 16.328 0.213  K
2458271.93821 16.254 0.221  K
2458271.96699 16.673 0.303  K
2458272.02893 16.200 0.174  K
2458273.01738 16.156 0.142  K
2458273.06177 16.338 0.215  K
2458274.00596 16.780 0.362  K
2458275.94888 16.406 0.260  K
2458275.95018 16.406 0.255  K
2458275.95147 16.410 0.231  K
2458279.89036 16.165 0.169  K
2458279.96848 16.038 0.124  K
2458281.92684 16.328 0.204  K
2458281.97119 16.164 0.165  K
2458282.88879 16.098 0.139  K
2458282.96499 16.024 0.114  K
2458283.91512 16.406 0.211  K
2458283.96403 16.289 0.184  K
2458284.92759 16.155 0.155  K
2458284.97649 16.115 0.145  K
2458285.91441 16.216 0.160  K
2458285.98780 16.493 0.246  K
2458286.93528 16.102 0.151  K
2458286.98078 16.192 0.151  K
2458290.89777 15.910 0.119  K
2458290.89908 15.923 0.120  K
2458290.90037 15.990 0.115  K
2458291.88437 16.326 0.206  K
2458292.90264 16.289 0.182  K
2458292.95034 16.385 0.239  K
2458294.88395 16.113 0.142  K
2458294.96488 16.094 0.131  K
2458298.88597 16.057 0.118  K
2458298.93589 16.222 0.154  K
2458299.90093 16.301 0.210  K
2458299.95055 16.627 0.289  K
2458300.89707 16.171 0.137  K
2458300.97952 16.255 0.170  K
2458303.92606 16.054 0.126  K
2458304.90633 16.001 0.109  K
2458304.95719 15.941 0.104  K
2458305.84719 16.189 0.148  K
2458305.93411 16.024 0.117  K
2458307.88078 16.534 0.253  K
2458307.88207 16.188 0.174  K
2458308.85069 16.220 0.169  K
2458308.87799 16.020 0.132  K
2458308.92551 16.322 0.197  K
2458309.82512 16.434 0.214  K
2458309.90627 16.073 0.113  K
2458310.84923 16.258 0.282  K
2458310.87769 16.106 0.153  K
2458310.92888 16.031 0.116  K
2458311.85278 16.456 0.247  K
2458311.88090 16.450 0.265  K
2458312.83459 16.370 0.190  K
2458315.85730 16.016 0.117  K
2458315.93020 16.054 0.128  K
2458321.81372 16.230 0.176  K
2458321.88835 16.095 0.145  K
2458327.82009 16.071 0.127  K
2458327.89974 16.111 0.134  K
2458328.79856 16.437 0.235  K
2458328.84524 16.372 0.223  K
2458329.81149 16.097 0.150  K
2458329.81281 16.038 0.122  K
2458329.81411 15.987 0.114  K
2458330.76229 16.223 0.185  K
2458330.84126 16.184 0.154  K
2458333.75726 16.080 0.183  K
2458333.84993 16.466 0.227  K
2458335.82072 16.167 0.157  K
2458335.84804 16.119 0.175  K
2458335.89703 16.137 0.180  K
2458336.75122 16.181 0.156  K
2458336.82927 16.054 0.115  K
2458590.03515 15.998 0.116  K
2458590.06428 16.110 0.119  K
2458590.11213 15.994 0.099  K
2458591.04668 16.679 0.282  K
2458591.07421 16.471 0.221  K
2458591.12791 16.614 0.239  K
2458593.04633 16.522 0.226  K
2458593.07422 16.635 0.237  K
2458593.11905 16.532 0.221  K
2458594.04570 16.269 0.150  K
2458594.07362 16.147 0.141  K
2458594.11778 16.206 0.151  K
2458595.04223 15.963 0.099  K
2458595.11407 16.106 0.122  K
2458599.02677 16.187 0.130  K
2458599.05496 16.298 0.141  K
2458599.10631 16.080 0.118  K
2458600.02724 16.161 0.140  K
2458600.05502 16.340 0.171  K
2458600.10659 16.181 0.132  K
2458601.02203 16.550 0.234  K
2458601.10600 16.101 0.127  K
2458605.01670 15.929 0.095  K
2458605.04693 15.929 0.095  K
2458605.09104 16.012 0.105  K
2458606.02014 16.299 0.163  K
2458606.05383 16.245 0.144  K
2458606.10217 16.023 0.114  K
2458607.00551 16.225 0.153  K
2458607.09469 16.119 0.122  K
2458611.01505 16.143 0.128  K
2458611.04335 16.224 0.149  K
2458611.09228 16.576 0.251  K
2458612.02701 15.895 0.099  K
2458612.05556 15.996 0.112  K
2458612.10745 16.104 0.117  K
2458613.02871 16.380 0.172  K
2458613.10337 16.197 0.136  K
2458613.99675 16.057 0.118  K
2458614.02511 16.126 0.142  K
2458614.07116 16.315 0.153  K
2458614.98078 16.161 0.144  K
2458615.00898 16.265 0.141  K
2458615.05705 16.283 0.184  K
2458615.98214 16.148 0.125  K
2458616.05808 16.220 0.130  K
2458616.97264 16.343 0.173  K
2458617.00043 16.663 0.279  K
2458617.04465 16.415 0.203  K
2458618.95853 16.376 0.178  K
2458619.03509 16.163 0.130  K
2458619.97462 16.087 0.119  K
2458620.00242 16.032 0.117  K
2458620.05646 16.052 0.122  K
2458620.97842 16.208 0.155  K
2458621.00657 16.235 0.156  K
2458621.05700 16.098 0.115  K
2458621.97877 16.679 0.249  K
2458623.00044 16.356 0.181  K
2458623.00175 16.584 0.210  K
2458623.00306 16.395 0.205  K
2458626.98971 16.204 0.135  K
2458627.01808 16.123 0.129  K
2458627.06711 16.352 0.171  K
2458627.96751 16.392 0.232  K
2458627.99599 16.594 0.236  K
2458628.04810 16.472 0.195  K
2458628.98555 16.272 0.145  K
2458629.06649 16.616 0.240  K
2458629.98658 16.306 0.162  K
2458630.96261 16.027 0.118  K
2458630.96394 16.030 0.112  K
2458630.96528 16.077 0.119  K
2458631.95926 16.116 0.118  K
2458632.03986 16.200 0.145  K
2458632.92672 16.020 0.115  K
2458632.95687 16.105 0.121  K
2458633.00307 16.039 0.113  K
2458633.91887 16.369 0.169  K
2458633.94811 16.588 0.235  K
2458633.99628 16.535 0.283  K
2458634.93908 16.453 0.191  K
2458635.94801 16.423 0.194  K
2458635.94933 16.511 0.205  K
2458635.95067 16.490 0.200  K
2458636.92453 16.230 0.132  K
2458636.95269 16.230 0.142  K
2458637.00333 16.073 0.116  K
2458637.98648 16.163 0.149  K
2458639.93886 16.186 0.127  K
2458639.96768 16.087 0.116  K
2458640.03962 16.281 0.149  K
2458641.94616 16.431 0.194  K
2458641.97447 16.366 0.197  K
2458642.01954 16.105 0.116  K
2458642.90332 16.439 0.207  K
2458642.94178 16.620 0.234  K
2458642.98608 16.578 0.229  K
2458643.93310 16.229 0.136  K
2458644.00784 16.200 0.139  K
2458644.89348 16.446 0.175  K
2458644.92208 16.314 0.170  K
2458644.97060 16.320 0.164  K
2458645.91345 16.301 0.180  K
2458645.91478 16.437 0.194  K
2458645.91610 16.242 0.172  K
2458646.89685 16.076 0.127  K
2458646.97756 16.332 0.175  K
2458647.91917 16.064 0.123  K
2458647.94720 16.300 0.157  K
2458647.99837 16.290 0.136  K
2458648.90977 16.127 0.127  K
2458648.93776 16.213 0.137  K
2458648.98869 16.065 0.122  K
2458649.89767 16.638 0.230  K
2458649.97443 16.537 0.241  K
2458653.88789 16.682 0.239  K
2458653.91563 16.194 0.136  K
2458653.96663 16.437 0.197  K
2458654.88691 16.165 0.135  K
2458654.91473 16.030 0.113  K
2458654.96447 16.250 0.137  K
2458655.89481 16.460 0.193  K
2458656.88756 16.469 0.195  K
2458660.87571 16.384 0.188  K
2458660.90896 16.278 0.135  K
2458660.95332 16.629 0.259  K
2458662.93660 16.300 0.174  K
2458662.93792 16.321 0.179  K
2458662.93925 16.271 0.169  K
2458664.82587 16.065 0.121  K
2458664.90190 16.186 0.131  K
2458664.94830 15.946 0.101  K
2458664.97611 16.024 0.121  K
2458665.83498 16.392 0.198  K
2458665.86313 16.338 0.189  K
2458665.91616 16.262 0.155  K
2458665.95543 16.133 0.129  K
2458666.82826 16.216 0.134  K
2458666.85636 16.221 0.141  K
2458666.90455 16.151 0.113  K
2458666.94761 16.080 0.124  K
2458666.97556 16.118 0.124  K
2458667.83413 16.101 0.121  K
2458667.90766 16.086 0.118  K
2458667.95083 16.055 0.114  K
2458667.97911 16.169 0.120  K
2458668.83800 16.405 0.197  K
2458668.86598 16.322 0.185  K
2458668.91562 16.537 0.227  K
2458669.87629 16.170 0.152  K
2458669.90492 16.073 0.109  K
2458669.95256 16.344 0.175  K
2458671.84789 16.301 0.161  K
2458671.87678 16.086 0.120  K
2458671.92536 16.043 0.117  K
2458672.87312 16.486 0.219  K
2458674.84849 16.633 0.258  K
2458675.82529 16.585 0.244  K
2458675.86947 16.307 0.188  K
2458676.79663 16.219 0.147  K
2458676.87856 16.102 0.114  K
2458680.86534 16.246 0.144  K
2458680.89321 16.181 0.132  K
2458680.94177 16.320 0.159  K
2458708.78310 16.433 0.189  K
2458708.84552 16.624 0.238  K
2458710.78155 16.463 0.218  K
2458710.83824 16.835 0.295  K
2458711.81619 16.152 0.120  K
2458711.84920 16.255 0.145  K
2458713.84803 16.740 0.267  K
2458714.78024 16.807 0.294  K
2458714.83425 16.525 0.245  K
2458716.82183 16.693 0.272  K
2458716.85010 16.698 0.260  K
2458718.76395 16.274 0.146  K
2458718.84293 16.894 0.299  K
2458719.76080 16.447 0.197  K
2458719.83952 16.333 0.156  K
2458721.75817 16.255 0.119  K
2458721.78992 16.207 0.145  K
2458722.81017 16.759 0.302  K
2458724.83831 16.270 0.139  K
2458734.75986 16.671 0.246  K
2458736.75912 16.951 0.311  K
2458736.80836 16.735 0.255  K
2457865.05650 17.162 0.137  H
2457880.03112 16.806 0.100  H
2457883.00985 16.901 0.137  H
2457886.04257 16.765 0.135  H
2457891.98788 16.390 0.097  H
2457897.99216 16.152 0.100  H
2457900.98369 15.921 0.096  H
2457903.97211 15.833 0.125  H
2457909.95237 15.072 0.083  H
2457912.93564 14.584 0.086  H
2457918.93138 14.423 0.096  H
2457924.91417 15.168 0.095  H
2457927.92896 15.515 0.069  H
2457930.90049 15.783 0.090  H
2457933.87462 16.112 0.110  H
2457936.90967 16.296 0.101  H
2457939.87754 16.539 0.148  H
2457945.90729 16.633 0.121  H
2457951.84662 16.738 0.108  H
2457954.82181 16.892 0.112  H
2457960.82605 17.375 0.216  H
2457966.80848 17.352 0.202  H
2457972.80013 17.371 0.163  H
2457978.79491 17.317 0.157  H
2457981.79842 17.664 0.231  H
2458006.71290 18.220 0.291  H
2458222.07346 18.050 0.242  H
2458255.00008 17.939 0.236  H
2458260.98239 17.821 0.205  H
2458279.91807 17.946 0.208  H
2458282.91744 18.059 0.272  H
2458294.91172 17.824 0.192  H
2458300.93245 17.790 0.186  H
2458309.85601 17.854 0.189  H
2458315.88690 17.843 0.185  H
2458327.85041 17.895 0.193  H
2458336.77836 17.946 0.195  H
2458607.04479 18.024 0.288  H
2458613.04556 18.112 0.292  H
2458616.00992 17.911 0.209  H
2458629.01433 18.079 0.287  H
2458631.98700 17.655 0.159  H
2458643.96173 17.949 0.222  H
2458646.92470 17.871 0.205  H
2458649.92641 17.939 0.266  H
2458664.85385 17.900 0.187  H
2458667.85104 18.128 0.277  H
2458676.83048 17.733 0.173  H
