2457864.03865 15.407 0.064  H
2457865.03327 15.380 0.062  H
2457878.03077 15.224 0.063  H
2457879.00094 15.359 0.067  H
2457880.00845 15.327 0.057  H
2457881.00131 15.325 0.056  H
2457882.98699 15.311 0.070  H
2457884.00298 15.300 0.056  H
2457885.01898 15.275 0.055  H
2457886.01201 15.249 0.077  H
2457890.96292 15.231 0.057  H
2457892.96767 15.141 0.070  H
2457894.95314 15.138 0.048  H
2457897.96945 15.090 0.064  H
2457899.98250 15.093 0.054  H
2457900.96052 15.051 0.060  H
2457901.97852 15.078 0.051  H
2457904.96410 15.064 0.056  H
2457905.94085 15.050 0.053  H
2457907.94891 14.753 0.054  H
2457909.92595 14.984 0.064  H
2457910.90965 15.012 0.052  H
2457911.94693 15.065 0.049  H
2457912.91289 15.105 0.057  H
2457916.92404 15.262 0.057  H
2457917.92162 15.273 0.061  H
2457918.90859 15.271 0.065  H
2457924.88927 15.239 0.071  H
2457926.87232 15.372 0.059  H
2457927.90540 15.354 0.059  H
2457928.88151 15.391 0.066  H
2457929.86905 15.352 0.057  H
2457931.92057 15.361 0.054  H
2457932.86911 15.349 0.064  H
2457933.85111 15.231 0.078  H
2457934.84918 15.383 0.063  H
2457936.88254 15.366 0.064  H
2457937.84590 15.406 0.061  H
2457944.88312 15.394 0.074  H
2457945.88424 15.383 0.069  H
2457949.83940 15.392 0.065  H
2457950.82649 15.411 0.068  H
2457951.81915 15.394 0.065  H
2457953.87207 15.382 0.068  H
2457954.79882 15.412 0.065  H
2457955.81516 15.379 0.082  H
2457958.79169 15.401 0.064  H
2457959.79165 15.428 0.083  H
2457960.80044 15.373 0.070  H
2457961.79335 15.370 0.066  H
2457964.78951 15.450 0.062  H
2457965.77652 15.359 0.081  H
2457966.78313 15.382 0.063  H
2457970.78716 15.414 0.073  H
2457971.78544 15.421 0.065  H
2457972.77717 15.427 0.064  H
2457974.83336 15.340 0.066  H
2457976.78360 15.413 0.066  H
2457977.77595 15.395 0.061  H
2457978.77094 15.404 0.064  H
2457980.77024 15.425 0.070  H
2457981.77521 15.441 0.067  H
2457982.77343 15.385 0.069  H
2457983.76725 15.431 0.074  H
2457985.81232 15.372 0.071  H
2457988.74956 15.367 0.060  H
2457989.74854 15.399 0.066  H
2457990.74950 15.449 0.066  H
2457991.75043 15.387 0.059  H
2457992.74995 15.435 0.070  H
2457993.79594 15.309 0.080  H
2457170.93813 15.155 0.056  H
2457179.90953 15.198 0.047  H
2457179.97089 15.148 0.045  H
2457179.99606 15.238 0.043  H
2457180.02207 15.224 0.042  H
2457180.90816 15.228 0.040  H
2457180.93556 15.223 0.044  H
2457180.96580 15.131 0.046  H
2457180.99238 15.195 0.047  H
2457181.01788 15.167 0.047  H
2457182.91132 15.269 0.042  H
2457182.93694 15.255 0.045  H
2457182.96708 15.245 0.043  H
2457182.99254 15.259 0.040  H
2457183.01752 15.096 0.056  H
2457183.90861 15.165 0.051  H
2457183.94209 15.054 0.050  H
2457183.97305 15.167 0.049  H
2457184.03053 15.162 0.035  H
2457184.91338 14.915 0.053  H
2457184.94014 15.045 0.049  H
2457184.96960 15.004 0.049  H
2457185.00424 15.157 0.047  H
2457185.88953 15.285 0.049  H
2457185.91659 15.168 0.040  H
2457185.94119 15.230 0.043  H
2457185.96588 15.219 0.037  H
2457185.99010 15.219 0.042  H
2457186.89762 15.281 0.052  H
2457186.96917 14.983 0.546  H
2457189.87308 15.210 0.045  H
2457189.89993 15.226 0.039  H
2457189.92886 15.237 0.040  H
2457189.96884 15.302 0.039  H
2457191.90118 15.173 0.042  H
2457191.92914 15.246 0.045  H
2457191.95560 15.146 0.049  H
2457191.98158 15.150 1.010  H
2457192.01768 15.234 0.052  H
2457193.87594 15.302 0.045  H
2457193.90153 15.236 0.044  H
2457193.93373 15.222 0.036  H
2457193.95876 15.253 0.039  H
2457193.98382 15.208 0.034  H
2457194.88551 15.255 0.044  H
2457194.91242 15.247 0.041  H
2457194.94403 15.105 0.039  H
2457194.96895 15.172 0.035  H
2457194.99397 15.163 0.044  H
2457195.86159 15.220 0.039  H
2457195.88704 15.240 0.042  H
2457195.91884 15.221 0.039  H
2457195.94477 15.229 0.043  H
2457195.97679 15.180 0.035  H
2457196.86463 15.236 0.035  H
2457196.89050 15.329 0.041  H
2457196.91841 15.222 0.038  H
2457196.94377 15.203 0.037  H
2457196.97376 15.231 0.034  H
2457197.86852 15.231 0.038  H
2457197.89398 15.271 0.041  H
2457197.92510 15.237 0.041  H
2457197.94983 15.213 0.040  H
2457197.97424 15.251 0.037  H
2457199.89552 14.932 0.089  H
2457199.92059 15.008 0.051  H
2457199.94617 15.225 0.043  H
2457200.86299 15.350 0.048  H
2457200.89024 15.208 0.041  H
2457200.96919 15.150 0.054  H
2457200.99627 15.146 0.045  H
2457201.84152 15.263 0.049  H
2457201.87533 15.230 0.045  H
2457201.90014 15.265 0.039  H
2457201.92590 15.202 0.048  H
2457201.95223 15.165 0.047  H
2457202.89614 15.160 0.042  H
2457202.93292 15.216 0.044  H
2457203.86220 15.177 0.055  H
2457203.88900 15.234 0.065  H
2457203.94649 15.223 0.064  H
2457205.88965 15.186 0.042  H
2457205.91502 15.269 0.048  H
2457205.94758 15.263 0.050  H
2457205.97496 15.218 0.043  H
2457206.84293 15.205 0.057  H
2457206.87441 15.097 1.015  H
2457206.90324 15.153 0.057  H
2457206.96238 15.141 0.056  H
2457208.82677 15.153 0.060  H
2457208.85257 14.938 0.053  H
2457208.88107 15.200 0.055  H
2457208.90545 15.035 0.055  H
2457208.93049 15.203 0.058  H
2457209.81960 15.205 0.055  H
2457209.84535 15.257 0.054  H
2457209.89715 15.249 0.055  H
2457209.92198 15.113 0.035  H
2457210.82123 15.260 0.051  H
2457210.84920 15.288 0.050  H
2457210.87860 15.211 0.051  H
2457210.90409 15.220 0.043  H
2457210.92919 15.241 0.049  H
2457211.86261 15.273 0.053  H
2457211.89045 15.277 0.056  H
2457211.91579 15.252 0.041  H
2457211.94388 15.203 1.010  H
2457213.81500 15.258 0.055  H
2457213.84187 14.988 0.062  H
2457213.87430 15.223 0.051  H
2457213.90530 15.259 0.050  H
2457213.93196 15.210 0.047  H
2457214.82682 15.253 0.099  H
2457215.81624 15.260 0.043  H
2457215.84534 15.242 0.046  H
2457215.87000 15.233 0.051  H
2457215.89821 15.253 0.050  H
2457215.92378 15.108 0.051  H
2457216.81113 15.185 0.052  H
2457217.83590 15.217 0.060  H
2457217.86159 15.193 0.052  H
2457217.88813 15.142 0.057  H
2457217.91343 15.202 0.049  H
2457218.82349 15.201 0.055  H
2457218.84910 15.213 0.049  H
2457218.87680 15.206 0.056  H
2458281.90294 15.338 0.079  H
2458283.89132 15.340 0.078  H
2458284.90432 15.389 0.068  H
2458286.90823 15.394 0.069  H
2458292.87882 15.352 0.076  H
2458293.84169 15.400 0.067  H
2458298.86246 15.377 0.057  H
2458299.87631 15.324 0.068  H
2458304.88296 15.382 0.057  H
2457882.03751 14.956 0.044  K
2457887.05045 14.825 0.060  K
2457894.00208 14.735 0.042  K
2457903.94826 14.698 0.042  K
2457920.95977 14.909 0.055  K
2457925.93130 14.950 0.043  K
2457930.87695 14.990 0.039  K
2457935.90248 14.967 0.071  K
2457952.89397 15.062 0.046  K
2457967.82420 15.058 0.048  K
2457979.81286 15.046 0.051  K
