2457864.09148 16.093 0.075  H
2457865.08331 16.120 0.084  H
2457878.08704 16.054 0.088  H
2457879.05934 16.002 0.081  H
2457880.06638 16.032 0.087  H
2457881.05614 15.996 0.080  H
2457884.05469 16.038 0.070  H
2457885.07212 16.064 0.079  H
2457891.01643 16.088 0.078  H
2457892.02129 16.088 0.088  H
2457893.02620 16.049 0.078  H
2457895.05681 16.072 0.072  H
2457898.01899 16.015 0.145  H
2457900.03986 16.082 0.074  H
2457902.03883 16.115 0.081  H
2457905.02022 16.149 0.077  H
2457906.00200 16.052 0.082  H
2457908.00802 16.040 0.074  H
2457909.98232 16.060 0.079  H
2457910.97189 16.029 0.070  H
2457911.99929 16.299 0.197  H
2457912.96284 16.112 0.083  H
2457916.98044 16.025 0.066  H
2457917.97726 16.067 0.081  H
2457918.96318 16.065 0.085  H
2457924.94158 16.011 0.073  H
2457926.92303 15.973 0.064  H
2457927.95967 15.983 0.080  H
2457928.93293 16.005 0.073  H
2457929.93290 15.969 0.079  H
2457933.90662 15.938 0.065  H
2457934.89995 16.013 0.071  H
2457936.93663 16.004 0.069  H
2457937.90576 15.950 0.075  H
2457945.93773 15.875 0.060  H
2457949.89260 15.780 0.060  H
2457950.88071 15.770 0.057  H
2457951.87400 15.738 0.061  H
2457953.92833 15.688 0.053  H
2457954.84937 15.646 0.055  H
2457955.86587 15.664 0.072  H
2457958.84667 15.443 0.061  H
2457959.84659 15.448 0.063  H
2457960.85687 15.382 0.043  H
2457961.85169 15.357 0.046  H
2457964.84652 15.320 0.046  H
2457966.83586 15.405 0.045  H
2457970.84737 15.577 0.052  H
2457971.84355 15.515 0.050  H
2457972.82706 15.528 0.054  H
2457974.88282 15.650 0.112  H
2457976.84665 15.641 0.050  H
2457977.83275 15.685 0.063  H
2457978.82942 15.705 0.060  H
2457980.82651 15.762 0.069  H
2457981.82551 15.663 0.060  H
2457983.81828 15.682 0.056  H
2457988.79470 14.403 0.031  H
2457989.79441 14.482 0.039  H
2457991.79607 14.373 0.030  H
2457992.80215 14.123 0.033  H
2457993.84223 14.318 0.025  H
2457487.09608 15.868 0.081  H
2457487.14088 15.808 0.079  H
2457489.07388 15.831 0.084  H
2457490.07973 15.686 0.074  H
2457490.13030 15.774 0.084  H
2457494.06543 15.871 0.092  H
2457495.06894 15.824 0.092  H
2457495.11981 15.761 0.080  H
2457498.08491 15.777 0.079  H
2457500.05161 15.873 0.083  H
2457500.09767 15.764 0.082  H
2457503.03987 15.830 0.108  H
2457503.08490 15.803 0.085  H
2457507.09034 15.794 0.084  H
2457508.05231 15.798 0.081  H
2457509.09541 15.809 0.079  H
2457510.12075 15.795 0.089  H
2457512.02975 15.772 0.087  H
2457513.01082 15.796 0.089  H
2457513.05830 15.827 0.084  H
2457515.00359 15.749 0.087  H
2457521.07447 15.784 0.086  H
2457523.04831 15.791 0.084  H
2457526.04396 15.817 0.093  H
2457527.05475 15.935 0.088  H
2457529.02976 15.913 0.103  H
2457532.03829 15.899 0.094  H
2457538.07226 15.690 0.089  H
2457544.97407 15.864 0.088  H
2457547.99327 15.826 0.079  H
2457548.95552 15.822 0.074  H
2457549.94452 15.791 0.076  H
2457558.91926 15.823 0.072  H
2457564.89828 15.784 0.079  H
2457573.89255 15.790 0.076  H
2457575.88375 15.785 0.076  H
2457575.94021 15.938 0.092  H
2457576.95074 15.810 0.084  H
2458222.10154 16.099 0.082  H
2458234.13597 16.089 0.079  H
2458257.04254 16.135 0.098  H
2458259.03832 16.133 0.096  H
2458261.01341 16.104 0.094  H
2458262.00914 16.122 0.100  H
2458263.99063 16.095 0.098  H
2458265.02361 16.048 0.089  H
2458266.03381 16.091 0.101  H
2458273.04506 16.080 0.100  H
2458279.95160 16.071 0.082  H
2458281.94893 16.107 0.087  H
2458282.94832 16.057 0.088  H
2458284.95475 16.068 0.089  H
2458291.94309 16.170 0.111  H
2458294.94793 16.044 0.092  H
2458298.91312 16.082 0.087  H
2458300.96322 16.088 0.085  H
2458303.98254 16.133 0.092  H
2458304.93394 16.022 0.085  H
2458305.91760 16.058 0.082  H
2458308.90921 16.063 0.093  H
2458309.88318 16.059 0.085  H
2458310.91259 16.042 0.085  H
2458315.91385 16.081 0.088  H
2458321.87188 16.058 0.086  H
2458327.87748 16.021 0.080  H
2458330.82244 16.064 0.091  H
2458335.88057 16.095 0.099  H
2458336.81305 16.046 0.085  H
2458590.09571 16.132 0.076  H
2458594.10107 16.100 0.082  H
2458595.09718 16.086 0.089  H
2458599.08869 16.145 0.093  H
2458600.08990 16.109 0.091  H
2458601.08892 16.132 0.090  H
2458605.07438 16.159 0.089  H
2458606.08552 16.137 0.110  H
2458607.07253 16.141 0.093  H
2458611.07522 16.129 0.099  H
2458612.09008 16.126 0.087  H
2458614.05390 16.116 0.092  H
2458615.04038 16.168 0.091  H
2458616.04122 16.143 0.089  H
2458619.01843 16.116 0.097  H
2458620.03977 16.116 0.089  H
2458621.04019 16.162 0.095  H
2458627.04993 16.138 0.092  H
2458632.01548 16.087 0.084  H
2458632.98570 16.159 0.090  H
2458633.97961 16.379 0.292  H
2458636.98654 16.208 0.099  H
2458637.96983 16.087 0.083  H
2458643.99125 16.126 0.095  H
2458646.96083 16.098 0.080  H
2458653.94773 16.080 0.083  H
2458654.94764 16.111 0.085  H
2458660.93673 16.159 0.095  H
2458664.88535 16.124 0.091  H
2458665.00404 16.111 0.087  H
2458665.89928 16.173 0.104  H
2458666.88798 16.101 0.090  H
2458669.93605 16.169 0.098  H
2458671.90886 16.102 0.085  H
2458676.86190 16.166 0.097  H
2458680.92513 16.142 0.098  H
2458724.82046 16.107 0.099  H
