2458590.05011 17.086 0.167  H
2458591.06161 17.543 0.307  H
2458594.06091 17.146 0.191  H
2458595.05744 16.909 0.149  H
2458599.04228 17.235 0.235  H
2458600.04248 17.223 0.211  H
2458601.03721 17.267 0.244  H
2458605.03380 16.679 0.136  H
2458606.03533 17.119 0.225  H
2458607.02073 17.292 0.268  H
2458611.03055 16.462 0.122  H
2458612.04263 15.965 0.075  H
2458614.01199 15.309 0.066  H
2458614.99616 13.891 0.034  H
2458615.99761 15.043 0.046  H
2458616.98788 15.143 0.066  H
2458618.97391 15.638 0.073  H
2458619.98991 15.870 0.078  H
2458620.99362 16.249 0.106  H
2458621.99457 16.653 0.177  H
2458627.00536 16.672 0.134  H
2458629.00146 17.023 0.191  H
2458629.97380 17.263 0.252  H
2458631.97452 17.040 0.169  H
2458632.94212 17.074 0.175  H
2458633.93419 17.278 0.251  H
2458636.93979 17.118 0.190  H
2458639.95483 16.940 0.148  H
2458641.96173 17.388 0.261  H
2458643.94919 17.219 0.209  H
2458644.90935 17.303 0.226  H
2458646.91225 17.034 0.163  H
2458647.93454 17.184 0.202  H
2458648.92514 17.119 0.186  H
2458649.91302 17.575 0.296  H
2458653.90312 17.269 0.214  H
2458654.90219 17.082 0.182  H
2458657.00493 17.346 0.247  H
2458660.89096 17.104 0.186  H
2458664.84118 17.004 0.140  H
2458664.96359 16.829 0.136  H
2458666.84387 17.144 0.188  H
2458666.96290 17.109 0.195  H
2458667.96621 16.937 0.161  H
2458669.89202 17.182 0.208  H
2458671.86430 17.143 0.204  H
2458674.83598 17.511 0.265  H
2458676.81770 16.913 0.142  H
2458680.88074 17.241 0.223  H
2458708.76944 17.635 0.334  H
2458711.83155 16.984 0.176  H
2458718.77941 17.141 0.189  H
2458721.77737 17.200 0.251  H
2458734.77527 17.637 0.327  H
2458736.74263 17.350 0.255  H
2457487.10295 16.400 0.099  H
2457487.14780 16.430 0.105  H
2457488.07849 16.344 0.089  H
2457488.12458 16.445 0.115  H
2457489.08176 16.488 0.111  H
2457489.13724 16.433 0.106  H
2457490.08730 16.506 0.113  H
2457490.13734 16.428 0.098  H
2457491.09650 16.389 0.100  H
2457491.14102 16.607 0.131  H
2457492.09253 16.609 0.147  H
2457492.13718 16.715 0.178  H
2457493.08235 16.537 0.129  H
2457493.12689 16.534 0.146  H
2457494.07316 16.399 0.096  H
2457494.11771 16.417 0.095  H
2457495.07573 16.438 0.109  H
2457495.12663 16.450 0.091  H
2457496.12323 16.594 0.184  H
2457497.12798 16.543 0.123  H
2457498.04636 16.492 0.125  H
2457498.09170 16.358 0.092  H
2457499.07758 16.666 0.176  H
2457499.12178 16.579 0.170  H
2457500.05841 16.419 0.108  H
2457500.10445 16.420 0.103  H
2457501.08534 16.495 0.128  H
2457502.05183 16.636 0.176  H
2457502.09630 16.599 0.142  H
2457503.04666 16.683 0.153  H
2457503.09169 16.378 0.100  H
2457507.04669 16.401 0.101  H
2457507.09771 16.515 0.109  H
2457508.05934 16.417 0.108  H
2457508.10413 16.460 0.123  H
2457509.05040 16.452 0.109  H
2457509.10221 16.414 0.104  H
2457510.02163 16.584 0.132  H
2457510.12756 16.464 0.113  H
2457511.03213 16.519 0.125  H
2457511.08128 16.786 0.188  H
2457512.04037 16.458 0.110  H
2457512.08886 16.543 0.126  H
2457513.01761 16.483 0.114  H
2457513.06560 16.420 0.112  H
2457515.01047 16.475 0.117  H
2457515.05592 16.426 0.106  H
2457516.00614 16.626 0.142  H
2457516.05190 16.508 0.120  H
2457517.01849 16.531 0.125  H
2457517.06203 16.595 0.174  H
2457520.03806 16.636 0.158  H
2457520.08342 16.552 0.121  H
2457521.03805 16.596 0.124  H
2457521.08124 16.458 0.097  H
2457523.05509 16.492 0.118  H
2457523.13114 16.992 0.220  H
2457524.02958 16.454 0.108  H
2457524.09299 16.565 0.124  H
2457526.00669 16.546 0.120  H
2457526.05074 16.485 0.114  H
2457527.06152 16.417 0.106  H
2457527.98566 16.490 0.135  H
2457528.03097 16.488 0.128  H
2457528.98854 16.458 0.103  H
2457529.03655 16.521 0.114  H
2457529.97768 16.522 0.126  H
2457530.03477 16.517 0.127  H
2457531.01320 16.495 0.110  H
2457531.06085 16.434 0.103  H
2457531.99792 16.504 0.117  H
2457532.04509 16.473 0.116  H
2457535.04420 16.411 0.106  H
2457536.02019 16.512 0.124  H
2457536.06865 16.705 0.140  H
2457537.98566 16.539 0.133  H
2457538.07902 16.362 0.106  H
2457539.00362 16.408 0.108  H
2457539.04740 16.404 0.108  H
2457539.95487 16.662 0.158  H
2457540.00333 16.447 0.122  H
2457540.98008 16.467 0.132  H
2457541.03321 16.727 0.189  H
2457541.95593 16.416 0.113  H
2457542.00252 16.461 0.120  H
2457542.05451 16.430 0.126  H
2457542.92991 16.564 0.136  H
2457543.03114 16.592 0.141  H
2457543.96361 16.631 0.157  H
2457544.01291 16.649 0.159  H
2457544.06032 16.683 0.206  H
2457544.93126 16.515 0.126  H
2457544.98082 16.497 0.126  H
2457545.02478 16.620 0.154  H
2457545.94542 16.503 0.143  H
2457545.99453 16.428 0.110  H
2457546.05125 16.450 0.119  H
2457546.91657 16.486 0.131  H
2457546.96332 16.594 0.153  H
2457547.00784 16.405 0.111  H
2457547.95604 16.389 0.118  H
2457548.00003 16.362 0.110  H
2457548.04676 16.489 0.109  H
2457548.96229 16.461 0.121  H
2457549.00698 16.568 0.143  H
2457549.95183 16.372 0.106  H
2457550.00649 16.412 0.109  H
2457550.05142 16.628 0.144  H
2457550.94187 16.487 0.118  H
2457550.98709 16.436 0.117  H
2457551.03659 16.661 0.143  H
2457554.95187 16.642 0.172  H
2457554.99926 16.522 0.130  H
2457555.04270 16.679 0.163  H
2457555.91331 16.457 0.126  H
2457555.95676 16.350 0.138  H
2457556.00892 16.544 0.173  H
2457558.92600 16.401 0.094  H
2457558.97255 16.428 0.117  H
2457559.02042 16.641 0.175  H
2457561.92111 16.597 0.146  H
2457561.97102 16.488 0.135  H
2457562.87415 16.595 0.159  H
2457562.92249 16.588 0.143  H
2457562.96794 16.604 0.161  H
2457563.90933 16.442 0.113  H
2457563.95299 16.475 0.118  H
2457564.90608 16.427 0.116  H
2457564.94988 16.424 0.114  H
2457565.00003 16.517 0.119  H
2457567.96271 16.581 0.176  H
2457573.84926 16.427 0.117  H
2457573.89921 16.496 0.128  H
2457573.94657 16.432 0.117  H
2457574.90829 16.620 0.156  H
2457574.95348 16.557 0.135  H
2457575.89039 16.360 0.105  H
2457575.94696 16.386 0.091  H
2457576.86169 16.457 0.123  H
2457576.90861 16.473 0.128  H
2457576.95743 16.518 0.140  H
2457577.83774 16.519 0.139  H
2457577.88425 16.550 0.138  H
2457577.93113 16.690 0.174  H
2457864.04999 17.056 0.155  H
2457865.04376 17.218 0.196  H
2457879.01241 17.082 0.175  H
2457880.01900 16.822 0.128  H
2457881.01225 17.080 0.178  H
2457884.01402 17.485 0.271  H
2457885.03055 17.031 0.157  H
2457891.97534 16.962 0.163  H
2457894.96378 16.731 0.140  H
2457897.98005 17.542 0.302  H
2457899.99361 17.414 0.249  H
2457900.97153 17.572 0.306  H
2457901.98965 16.950 0.151  H
2457904.97521 17.011 0.163  H
2457905.95194 16.792 0.136  H
2457907.96000 17.656 0.343  H
2457909.93667 17.509 0.308  H
2457910.92087 17.090 0.182  H
2457911.95812 17.163 0.187  H
2457912.92359 17.421 0.249  H
2457916.94019 17.054 0.163  H
2457917.93278 17.435 0.249  H
2457918.91931 17.171 0.199  H
2457926.88354 17.229 0.198  H
2457927.91620 16.846 0.132  H
2457928.89290 17.284 0.221  H
2457929.88028 17.104 0.174  H
2457931.93196 16.864 0.139  H
2457934.86043 17.079 0.161  H
2457936.89337 17.384 0.245  H
2457937.85737 17.100 0.185  H
2457944.90911 17.571 0.289  H
2457945.89521 16.956 0.143  H
2457949.85094 17.730 0.341  H
2457950.83841 16.894 0.145  H
2457951.83183 16.765 0.142  H
2457953.88347 16.880 0.154  H
2457954.80978 17.149 0.179  H
2457955.82648 16.785 0.146  H
2457958.80304 17.133 0.174  H
2457959.80335 17.363 0.287  H
2457960.81405 17.593 0.292  H
2457964.80304 16.939 0.150  H
2457970.80489 17.279 0.226  H
2457971.79691 17.228 0.188  H
2457972.78816 16.999 0.151  H
2457976.79555 16.778 0.144  H
2457977.78817 17.317 0.217  H
2457978.78199 17.255 0.210  H
2457980.78186 17.217 0.221  H
2457983.77877 17.406 0.253  H
2457985.83182 16.774 0.134  H
2457988.78254 17.444 0.298  H
2457990.78271 17.405 0.260  H
2457991.78345 17.101 0.173  H
2457992.78295 17.058 0.171  H
2457993.83008 17.402 0.276  H
2458222.06120 17.234 0.225  H
2458234.08464 17.340 0.259  H
2458253.97608 17.205 0.261  H
2458254.98761 17.401 0.271  H
2458257.00125 17.333 0.272  H
2458258.99819 17.673 0.361  H
2458259.99541 17.250 0.241  H
2458260.96994 17.005 0.175  H
2458263.95130 17.119 0.221  H
2458264.97632 17.186 0.265  H
2458265.98629 17.275 0.251  H
2458266.93722 17.617 0.331  H
2458279.90539 17.061 0.172  H
2458281.93662 17.423 0.264  H
2458282.90445 17.274 0.246  H
2458284.93768 17.194 0.203  H
2458286.94520 17.281 0.240  H
2458292.91244 17.329 0.249  H
2458294.89968 17.287 0.214  H
2458298.90082 17.049 0.162  H
2458300.91283 17.036 0.159  H
2458303.94133 17.215 0.214  H
2458304.92097 16.886 0.129  H
2458308.86573 17.461 0.265  H
2458310.86464 16.882 0.131  H
2458315.87241 17.335 0.236  H
2458319.89342 17.056 0.196  H
2458321.82866 17.796 0.378  H
2458327.83840 16.931 0.147  H
2458335.83579 17.709 0.372  H
2458336.76629 17.265 0.203  H
2458605.03551 16.583 0.129  H
