2458590.10234 15.208 0.039  H
2458591.11340 15.407 0.057  H
2458592.11203 15.428 0.065  H
2458593.10910 15.355 0.053  H
2458594.10785 15.273 0.050  H
2458595.10412 15.252 0.050  H
2458599.09557 15.220 0.046  H
2458600.09665 15.312 0.050  H
2458601.09607 15.235 0.046  H
2458605.08113 15.201 0.041  H
2458606.09227 15.218 0.044  H
2458607.08465 15.247 0.053  H
2458611.08221 15.264 0.051  H
2458612.09718 15.242 0.044  H
2458614.06116 15.262 0.047  H
2458615.04714 15.260 0.058  H
2458616.04798 15.240 0.048  H
2458617.03469 15.277 0.054  H
2458619.02520 15.251 0.051  H
2458620.04660 15.207 0.049  H
2458621.04696 15.214 0.047  H
2458622.04619 15.324 0.063  H
2458627.05707 15.235 0.046  H
2458628.03802 15.298 0.056  H
2458629.05642 15.241 0.049  H
2458630.02493 15.340 0.063  H
2458632.02232 15.138 0.043  H
2458632.99290 15.217 0.053  H
2458635.00978 15.232 0.049  H
2458636.99344 15.201 0.050  H
2458637.97664 15.216 0.048  H
2458640.02980 15.292 0.061  H
2458642.00952 15.190 0.050  H
2458642.97623 15.204 0.054  H
2458643.99803 15.216 0.049  H
2458644.96083 15.203 0.055  H
2458646.96769 15.156 0.047  H
2458647.98848 15.248 0.054  H
2458648.97882 15.151 0.045  H
2458649.96464 15.235 0.051  H
2458654.95462 15.145 0.041  H
2458660.94353 15.130 0.051  H
2458664.89217 15.049 0.040  H
2458665.01087 15.079 0.045  H
2458665.90631 15.039 0.037  H
2458666.89479 15.060 0.037  H
2458668.90587 15.158 0.059  H
2458669.94286 15.047 0.041  H
2458671.91565 15.017 0.041  H
2458675.85975 15.081 0.050  H
2458676.86882 15.056 0.045  H
2458680.93198 14.999 0.048  H
2458708.82840 13.287 0.027  H
2458709.82299 12.478 0.067  H
2458710.82153 14.453 0.029  H
2458714.82047 14.413 0.036  H
2458715.81701 14.514 0.051  H
2458718.83327 14.484 0.036  H
2458719.82986 14.464 0.031  H
2458721.82746 14.484 0.034  H
2458724.82737 14.602 0.034  H
2458736.79845 14.962 0.058  H
2457487.13688 15.066 0.057  H
2457488.06727 15.100 0.065  H
2457488.11336 15.099 0.059  H
2457489.06984 15.095 0.062  H
2457489.12602 15.064 0.057  H
2457490.07556 15.124 0.066  H
2457490.12632 15.070 0.060  H
2457491.08405 15.164 0.068  H
2457491.13006 15.092 0.065  H
2457492.08163 15.153 0.082  H
2457492.12628 15.165 0.094  H
2457493.07138 15.157 0.078  H
2457493.11600 15.137 0.075  H
2457494.06144 15.078 0.070  H
2457494.10692 15.086 0.059  H
2457495.06495 15.083 0.063  H
2457495.11552 15.136 0.070  H
2457496.11221 15.171 0.075  H
2457497.07104 15.157 0.079  H
2457497.11690 15.092 0.079  H
2457498.03552 15.096 0.066  H
2457498.08093 15.088 0.066  H
2457499.06680 15.114 0.069  H
2457499.11096 15.124 0.073  H
2457500.04762 15.073 0.056  H
2457500.09370 15.078 0.071  H
2457501.02946 15.139 0.067  H
2457501.07453 15.116 0.073  H
2457502.04104 15.154 0.077  H
2457502.08537 15.147 0.092  H
2457503.03548 15.124 0.063  H
2457503.08090 15.082 0.063  H
2457507.03592 15.114 0.068  H
2457507.08631 15.082 0.069  H
2457508.04832 15.092 0.061  H
2457508.09267 15.094 0.056  H
2457509.03874 15.100 0.067  H
2457509.09138 15.087 0.059  H
2457510.01087 15.136 0.071  H
2457510.11673 15.093 0.063  H
2457511.02136 15.142 0.073  H
2457511.07046 15.182 0.094  H
2457512.02487 15.112 0.066  H
2457512.07720 15.107 0.066  H
2457513.00655 15.105 0.065  H
2457513.05430 15.076 0.069  H
2457514.99959 15.088 0.061  H
2457515.04514 15.081 0.071  H
2457515.99534 15.114 0.067  H
2457516.04113 15.095 0.070  H
2457517.00774 15.098 0.066  H
2457517.05122 15.101 0.068  H
2457519.07019 15.121 0.077  H
2457520.02675 15.085 0.076  H
2457520.07257 15.079 0.062  H
2457521.02729 15.111 0.064  H
2457521.07045 15.085 0.069  H
2457523.04429 15.074 0.071  H
2457523.11021 15.125 0.072  H
2457524.01844 15.073 0.066  H
2457524.08219 15.091 0.067  H
2457525.00242 15.137 0.077  H
2457525.99545 15.106 0.068  H
2457526.03975 15.091 0.074  H
2457526.99940 15.081 0.086  H
2457527.05072 15.087 0.065  H
2457527.97491 15.118 0.075  H
2457528.01997 15.081 0.070  H
2457528.97771 15.081 0.073  H
2457529.02575 15.102 0.075  H
2457529.96697 15.103 0.067  H
2457530.02401 15.134 0.076  H
2457531.00247 15.085 0.068  H
2457531.05004 15.082 0.067  H
2457531.98663 15.086 0.068  H
2457532.03427 15.089 0.071  H
2457535.03317 15.122 0.069  H
2457535.08569 15.116 0.080  H
2457536.00944 15.120 0.070  H
2457536.05782 15.101 0.062  H
2457537.97494 15.100 0.071  H
2457538.06807 15.057 0.072  H
2457538.99267 15.094 0.065  H
2457539.03661 15.082 0.066  H
2457539.94412 15.097 0.070  H
2457539.99175 15.067 0.071  H
2457540.96936 15.122 0.065  H
2457541.02162 15.148 0.075  H
2457541.94486 15.078 0.048  H
2457541.99174 15.108 0.061  H
2457542.04371 15.085 0.061  H
2457542.91913 15.116 0.059  H
2457542.96713 15.124 0.074  H
2457543.01867 15.092 0.060  H
2457543.95248 15.101 0.060  H
2457544.04953 15.074 0.074  H
2457544.92047 15.073 0.057  H
2457544.96935 15.164 0.070  H
2457545.01394 15.121 0.064  H
2457545.93468 15.121 0.057  H
2457545.98368 15.114 0.062  H
2457546.02810 15.088 0.060  H
2457546.90573 15.122 0.054  H
2457546.95235 15.108 0.063  H
2457546.99692 15.100 0.060  H
2457547.94526 15.093 0.053  H
2457547.98925 15.083 0.059  H
2457548.03598 15.123 0.053  H
2457548.95150 15.084 0.057  H
2457548.99554 15.103 0.061  H
2457549.05439 15.075 0.056  H
2457549.99493 15.089 0.058  H
2457550.03984 15.081 0.059  H
2457550.93112 15.121 0.058  H
2457550.97630 15.116 0.056  H
2457551.02560 15.079 0.058  H
2457554.94113 15.121 0.071  H
2457554.98782 15.104 0.061  H
2457555.03161 15.093 0.059  H
2457555.90258 15.077 0.056  H
2457555.94601 15.052 0.056  H
2457555.99813 15.124 0.066  H
2457558.91464 15.053 0.045  H
2457558.96151 15.105 0.056  H
2457559.00531 15.111 0.059  H
2457561.91038 15.092 0.061  H
2457561.96029 15.103 0.051  H
2457562.00516 15.115 0.063  H
2457562.86304 15.153 0.062  H
2457562.91040 15.148 0.072  H
2457562.95718 15.145 0.063  H
2457563.89863 15.111 0.050  H
2457563.94224 15.118 0.053  H
2457564.89426 15.119 0.065  H
2457564.93910 15.047 0.052  H
2457564.98904 15.099 0.063  H
2457566.00587 15.075 0.059  H
2457567.95124 15.145 0.070  H
2457573.83862 15.086 0.057  H
2457573.88857 15.126 0.050  H
2457573.93596 15.114 0.056  H
2457574.84776 15.074 0.056  H
2457574.89672 15.134 0.084  H
2457574.94278 15.121 0.067  H
2457575.87977 15.073 0.057  H
2457575.93540 15.097 0.052  H
2457576.85087 15.129 0.065  H
2457576.89722 15.140 0.070  H
2457576.94579 15.113 0.060  H
2457577.82709 15.133 0.056  H
2457577.87358 15.124 0.056  H
2457577.92045 15.174 0.064  H
2457864.09829 15.468 0.049  H
2457865.08997 15.321 0.053  H
2457878.09379 15.447 0.070  H
2457879.06602 14.761 0.036  H
2457880.07303 15.472 0.057  H
2457881.06281 15.183 0.040  H
2457883.04747 15.295 0.053  H
2457884.06831 15.244 0.047  H
2457885.07941 15.269 0.051  H
2457886.07687 15.293 0.079  H
2457891.02309 15.255 0.044  H
2457892.02795 14.699 0.037  H
2457893.03286 15.315 0.052  H
2457895.06349 15.150 0.048  H
2457898.02639 15.343 0.054  H
2457900.04655 15.509 0.053  H
2457901.02201 15.278 0.053  H
2457902.04574 15.307 0.049  H
2457905.02689 15.340 0.057  H
2457908.01469 15.339 0.054  H
2457909.98900 15.363 0.052  H
2457910.97856 15.158 0.044  H
2457912.00598 15.144 0.068  H
2457912.96951 15.310 0.054  H
2457916.98712 14.991 0.036  H
2457917.98395 15.304 0.061  H
2457918.97008 15.163 0.057  H
2457924.94828 15.309 0.053  H
2457926.92972 15.225 0.048  H
2457927.96638 15.165 0.044  H
2457928.94530 15.328 0.051  H
2457929.93977 15.343 0.051  H
2457932.93635 15.388 0.078  H
2457933.91331 15.231 0.049  H
2457934.90667 15.279 0.054  H
2457936.94330 15.104 0.045  H
2457937.91254 15.415 0.051  H
2457939.91576 15.494 0.071  H
2457945.94445 15.488 0.062  H
2457948.88503 15.456 0.071  H
2457949.89937 15.427 0.050  H
2457950.88745 15.304 0.049  H
2457953.93503 15.343 0.049  H
2457954.85608 15.231 0.041  H
2457955.87262 15.384 0.089  H
2457958.85357 15.810 0.082  H
2457959.85328 15.318 0.060  H
2457960.86359 15.335 0.044  H
2457961.85843 15.412 0.051  H
2457964.85326 15.053 0.053  H
2457965.84598 15.250 0.060  H
2457966.84258 15.157 0.068  H
2457970.85408 15.180 0.071  H
2457971.85028 15.188 0.050  H
2457972.83382 15.332 0.055  H
2457974.87880 15.423 0.077  H
2457976.85340 15.302 0.106  H
2457977.83949 15.303 0.042  H
2457978.83616 15.080 0.038  H
2457980.83324 15.227 0.052  H
2457981.83228 15.249 0.057  H
2457983.82504 15.263 0.051  H
2457988.79069 15.252 0.053  H
2457989.79039 15.351 0.053  H
2457990.79086 15.348 0.052  H
2457991.79202 15.164 0.060  H
2457992.79814 15.258 0.045  H
2457993.83824 15.377 0.052  H
2458222.10830 15.397 0.061  H
2458254.03664 15.275 0.048  H
2458255.03499 15.343 0.055  H
2458257.04924 15.338 0.053  H
2458259.04510 15.333 0.046  H
2458260.04288 15.374 0.079  H
2458261.02030 15.288 0.041  H
2458262.02611 15.308 0.062  H
2458263.99750 15.247 0.092  H
2458266.98290 15.269 0.045  H
2458272.01332 15.319 0.058  H
2458273.05194 15.299 0.052  H
2458273.99628 15.412 0.071  H
2458274.97703 15.390 0.068  H
2458281.94481 15.298 0.057  H
2458282.95517 15.357 0.056  H
2458283.93724 15.326 0.057  H
2458284.95068 15.311 0.056  H
2458286.95424 15.351 0.063  H
2458291.95040 15.393 0.076  H
2458292.92412 15.355 0.064  H
2458294.95466 15.321 0.055  H
2458298.90901 15.319 0.060  H
2458299.92143 15.322 0.068  H
2458300.96993 15.354 0.056  H
2458303.98934 15.283 0.059  H
2458304.92904 15.296 0.050  H
2458305.92431 15.368 0.055  H
2458308.91593 15.385 0.061  H
2458309.89669 15.404 0.052  H
2458310.91931 15.294 0.047  H
2458311.92048 15.363 0.071  H
2458315.92057 15.334 0.057  H
2458319.94020 15.171 0.063  H
2458319.94542 15.238 0.057  H
2458328.83571 15.283 0.080  H
2458330.82917 15.332 0.065  H
2458331.83601 15.545 0.083  H
2458333.84017 15.358 0.063  H
2458335.88731 15.351 0.057  H
2458336.81978 15.334 0.051  H
