2457864.02340 12.932 0.043  K
2457864.06234 12.925 0.038  K
2457864.10809 12.920 0.048  K
2457865.01801 12.951 0.035  K
2457865.09974 12.957 0.064  K
2457878.01535 12.925 0.046  K
2457878.05993 12.983 0.064  K
2457878.10358 12.907 0.053  K
2457878.98489 12.895 0.052  K
2457879.02471 12.913 0.042  K
2457879.07580 12.893 0.047  K
2457879.99268 12.907 0.048  K
2457880.08285 12.905 0.059  K
2457880.98613 12.883 0.061  K
2457881.02878 12.898 0.048  K
2457881.07256 12.895 0.068  K
2457882.00427 12.901 0.040  K
2457882.00557 12.909 0.048  K
2457882.00688 12.901 0.043  K
2457882.97179 12.943 0.049  K
2457883.05724 12.954 0.047  K
2457883.98717 12.904 0.053  K
2457884.02752 12.919 0.047  K
2457884.07875 12.930 0.042  K
2457885.00357 12.948 0.034  K
2457885.04385 12.911 0.054  K
2457885.09327 12.923 0.044  K
2457885.99690 12.917 0.037  K
2457886.08692 12.927 0.064  K
2457887.00892 12.936 0.074  K
2457887.01022 12.932 0.080  K
2457887.01152 12.930 0.070  K
2457890.94767 12.921 0.042  K
2457890.98933 12.920 0.044  K
2457891.03284 12.911 0.056  K
2457891.94944 12.899 0.050  K
2457892.03774 12.884 0.066  K
2457892.95248 12.924 0.058  K
2457892.99106 12.929 0.047  K
2457893.04261 12.925 0.053  K
2457893.96892 12.909 0.054  K
2457893.97024 12.912 0.045  K
2457893.97154 12.917 0.056  K
2457894.93733 12.909 0.053  K
2457895.07324 12.901 0.047  K
2457897.94676 12.941 0.047  K
2457898.03613 12.907 0.042  K
2457898.98999 12.901 0.059  K
2457898.99128 12.914 0.055  K
2457898.99260 12.916 0.046  K
2457899.96734 12.915 0.049  K
2457900.00643 12.917 0.052  K
2457900.05628 12.924 0.048  K
2457900.94154 12.935 0.049  K
2457901.03218 12.917 0.033  K
2457901.95474 12.902 0.048  K
2457902.00201 12.914 0.039  K
2457902.05546 12.907 0.051  K
2457902.94231 12.910 0.046  K
2457903.92715 12.919 0.044  K
2457904.02455 12.897 0.051  K
2457904.94897 12.909 0.054  K
2457904.98758 12.924 0.049  K
2457905.03669 12.908 0.052  K
2457905.92574 12.903 0.054  K
2457905.96427 12.887 0.061  K
2457906.01848 12.889 0.055  K
2457907.93389 12.973 0.050  K
2457907.97234 12.929 0.045  K
2457908.02439 12.928 0.034  K
2457909.91085 12.911 0.035  K
2457909.99873 12.910 0.045  K
2457910.89454 12.911 0.068  K
2457910.93321 12.905 0.041  K
2457910.98826 12.900 0.039  K
2457911.97044 12.907 0.041  K
2457912.89775 12.905 0.041  K
2457912.97915 12.935 0.076  K
2457916.90898 12.894 0.059  K
2457916.95331 12.916 0.040  K
2457917.00303 12.916 0.056  K
2457917.90594 12.915 0.026  K
2457917.94998 12.943 0.057  K
2457917.99777 12.918 0.053  K
2457918.89324 12.907 0.042  K
2457918.97986 12.918 0.049  K
2457920.92647 12.923 0.033  K
2457920.92778 12.936 0.063  K
2457920.92909 12.946 0.061  K
2457924.87436 12.939 0.052  K
2457924.95792 12.950 0.054  K
2457925.89350 12.940 0.054  K
2457925.89479 12.930 0.040  K
2457925.89610 12.931 0.056  K
2457926.85729 12.921 0.048  K
2457926.89589 12.932 0.041  K
2457926.94550 12.903 0.052  K
2457927.89045 12.888 0.063  K
2457927.97652 12.911 0.054  K
2457928.86258 12.937 0.048  K
2457928.90519 12.931 0.037  K
2457928.95603 12.889 0.063  K
2457929.85406 12.917 0.052  K
2457929.89939 12.932 0.039  K
2457929.94939 12.905 0.060  K
2457930.86215 12.902 0.046  K
2457930.94860 12.922 0.045  K
2457931.90557 12.907 0.049  K
2457931.94805 12.921 0.043  K
2457932.85414 12.911 0.053  K
2457932.89892 12.922 0.061  K
2457932.94660 12.924 0.085  K
2457933.83610 12.919 0.040  K
2457933.92298 12.936 0.043  K
2457934.83419 12.922 0.046  K
2457934.87270 12.942 0.034  K
2457934.91630 12.932 0.050  K
2457935.86459 12.910 0.048  K
2457935.86589 12.948 0.051  K
2457935.86720 12.935 0.055  K
2457936.86767 12.903 0.048  K
2457936.95289 12.933 0.033  K
2457937.83074 12.911 0.039  K
2457937.86988 12.935 0.041  K
2457937.92227 12.914 0.054  K
2457939.83964 13.034 0.094  K
2457939.92538 13.217 0.040  K
2457944.86825 12.910 0.034  K
2457944.92142 12.944 0.053  K
2457945.85723 12.915 0.037  K
2457945.95402 12.938 0.025  K
2457947.87523 12.932 0.060  K
2457947.87652 12.917 0.043  K
2457947.87782 12.945 0.060  K
2457948.80604 12.995 0.080  K
2457948.89460 12.941 0.077  K
2457949.82445 12.928 0.062  K
2457949.86420 12.924 0.025  K
2457949.90896 12.938 0.039  K
2457950.80897 12.898 0.042  K
2457950.85344 12.910 0.034  K
2457950.89702 12.910 0.034  K
2457951.80428 12.912 0.034  K
2457951.89031 12.944 0.040  K
2457952.86078 12.904 0.041  K
2457952.86209 12.897 0.040  K
2457952.86349 12.909 0.032  K
2457953.85659 12.895 0.040  K
2457953.89968 12.897 0.039  K
2457953.94459 12.921 0.035  K
2457954.78394 12.914 0.034  K
2457954.86564 12.912 0.032  K
2457955.80034 12.906 0.034  K
2457955.83876 12.888 0.047  K
2457955.88220 12.927 0.056  K
2457957.78083 12.972 0.077  K
2457957.86524 12.938 0.072  K
2457958.77653 12.892 0.043  K
2457958.81530 12.912 0.039  K
2457958.86309 12.885 0.043  K
2457959.77678 12.950 0.053  K
2457959.81846 12.940 0.052  K
2457959.86281 12.956 0.053  K
2457960.78044 12.921 0.045  K
2457960.87314 12.926 0.037  K
2457961.77576 12.917 0.062  K
2457961.82088 12.957 0.061  K
2457961.86797 12.939 0.063  K
2457964.77473 12.900 0.039  K
2457964.81901 12.916 0.041  K
2457964.86282 12.906 0.031  K
2457965.76167 12.905 0.058  K
2457965.80103 12.959 0.067  K
2457965.85551 12.936 0.062  K
2457966.76824 12.916 0.043  K
2457966.85246 12.925 0.047  K
2457967.79051 12.940 0.055  K
2457967.79182 12.912 0.040  K
2457967.79313 12.947 0.057  K
2457970.77245 12.915 0.060  K
2457970.82012 12.940 0.055  K
2457970.87508 12.920 0.033  K
2457971.77061 12.941 0.070  K
2457971.81011 12.919 0.034  K
2457971.85979 12.937 0.039  K
2457972.76024 12.926 0.056  K
2457972.84331 12.919 0.034  K
2457974.85737 12.929 0.045  K
2457976.76551 12.887 0.058  K
2457976.81535 12.901 0.051  K
2457976.86291 12.900 0.048  K
2457977.75960 12.924 0.040  K
2457977.80549 12.911 0.058  K
2457977.84909 12.906 0.047  K
2457978.75591 12.900 0.058  K
2457978.84565 12.905 0.055  K
2457979.77946 12.919 0.042  K
2457979.78077 12.928 0.034  K
2457979.78208 12.919 0.036  K
2457980.75547 12.937 0.041  K
2457980.79417 12.928 0.035  K
2457980.84275 12.898 0.034  K
2457981.76031 12.968 0.062  K
2457981.84813 12.915 0.033  K
2457982.75864 12.941 0.065  K
2457982.79723 12.933 0.067  K
2457982.84583 12.950 0.075  K
2457983.75246 12.939 0.050  K
2457983.79102 12.926 0.043  K
2457983.83453 12.927 0.040  K
2457985.79159 12.939 0.040  K
2457985.85371 12.929 0.049  K
2457988.77285 12.933 0.054  K
2457988.82531 12.942 0.060  K
2457989.77203 12.904 0.040  K
2457989.81651 12.893 0.054  K
2457990.77282 12.915 0.042  K
2457990.81722 12.933 0.063  K
2457991.77375 12.927 0.033  K
2457991.81785 12.920 0.062  K
2457992.77325 12.927 0.040  K
2457992.82505 12.897 0.043  K
2457993.81960 12.945 0.075  K
2458006.70997 12.891 0.045  K
2458006.71122 12.898 0.050  K
2458007.71274 12.922 0.075  K
2458007.71399 12.923 0.072  K
2458008.71770 12.926 0.060  K
2458008.71895 12.906 0.046  K
2458009.71564 13.095 0.069  K
2458009.71688 12.963 0.089  K
2458010.71467 12.926 0.047  K
2458010.71644 12.907 0.066  K
2458011.71494 12.905 0.046  K
2458011.71620 12.918 0.053  K
2458013.70867 12.879 0.036  K
2458018.75175 12.952 0.076  K
2458019.70490 12.925 0.040  K
2458019.70615 12.927 0.038  K
2458020.70773 12.892 0.061  K
2458020.70896 12.903 0.084  K
2458021.70397 12.915 0.046  K
2458021.70522 12.912 0.045  K
2458025.71712 12.915 0.051  K
2458025.71837 12.931 0.044  K
2458026.70542 12.920 0.050  K
2458026.70665 12.908 0.050  K
2458027.70567 12.900 0.035  K
2458027.70692 12.895 0.036  K
2458029.70486 12.904 0.027  K
2458029.70610 12.908 0.030  K
2458030.70692 12.912 0.080  K
2458030.70818 12.943 0.085  K
2458036.69178 12.915 0.068  K
2458036.69303 12.918 0.067  K
2458037.69479 12.927 0.048  K
2458037.69603 12.914 0.044  K
2458222.04605 12.901 0.069  K
2458222.11825 12.892 0.038  K
2458226.04729 12.934 0.102  K
2458234.06966 12.884 0.073  K
2458236.09064 12.908 0.063  K
2458236.09193 12.908 0.072  K
2458236.09325 12.910 0.066  K
2458253.96084 12.858 0.047  K
2458253.98864 12.874 0.052  K
2458254.04643 12.874 0.040  K
2458254.97159 12.882 0.062  K
2458255.04490 12.907 0.076  K
2458255.96454 12.907 0.051  K
2458256.98603 12.902 0.071  K
2458257.01397 12.885 0.060  K
2458257.05903 12.899 0.050  K
2458257.97458 12.921 0.089  K
2458258.04584 12.905 0.069  K
2458258.98303 12.930 0.089  K
2458259.01075 12.901 0.071  K
2458259.05989 12.908 0.076  K
2458259.98025 12.885 0.064  K
2458260.00811 12.899 0.062  K
2458260.05287 12.912 0.073  K
2458260.95457 12.863 0.028  K
2458261.03025 12.865 0.031  K
2458261.95303 12.859 0.031  K
2458261.98149 12.873 0.062  K
2458262.03596 12.889 0.033  K
2458263.00327 12.872 0.048  K
2458263.00459 12.872 0.049  K
2458263.00589 12.871 0.034  K
2458263.93547 12.906 0.059  K
2458264.00830 12.904 0.054  K
2458264.96131 12.894 0.088  K
2458264.99652 12.892 0.063  K
2458265.04001 12.901 0.061  K
2458265.97128 12.888 0.048  K
2458265.99915 12.889 0.038  K
2458266.05024 12.915 0.058  K
2458266.92046 12.927 0.086  K
2458266.99257 12.918 0.072  K
2458271.93821 12.906 0.077  K
2458271.96699 12.920 0.076  K
2458272.02893 12.911 0.057  K
2458272.98319 12.913 0.078  K
2458273.01738 12.891 0.035  K
2458273.06177 12.906 0.067  K
2458273.93473 12.920 0.076  K
2458274.00596 12.962 0.082  K
2458274.90844 12.915 0.100  K
2458274.93893 12.907 0.082  K
2458274.98692 12.916 0.084  K
2458275.94888 12.913 0.088  K
2458275.95018 12.900 0.085  K
2458275.95147 12.908 0.066  K
2458279.89036 12.863 0.062  K
2458279.96848 12.907 0.039  K
2458281.92684 12.932 0.067  K
2458281.97119 12.930 0.057  K
2458282.88879 12.895 0.045  K
2458282.96499 12.907 0.036  K
2458283.91512 12.942 0.061  K
2458283.96403 12.928 0.052  K
2458284.92759 12.909 0.051  K
2458284.97649 12.925 0.049  K
2458285.91441 12.934 0.044  K
2458285.98780 12.931 0.067  K
2458286.93528 12.916 0.039  K
2458286.98078 12.925 0.041  K
2458290.89777 12.887 0.052  K
2458290.89908 12.891 0.051  K
2458290.90037 12.892 0.042  K
2458291.88437 12.912 0.059  K
2458291.96002 13.005 0.076  K
2458292.90264 12.908 0.049  K
2458292.95034 12.920 0.079  K
2458293.86505 13.088 0.059  K
2458293.91694 12.942 0.065  K
2458294.88395 12.922 0.043  K
2458294.96488 12.916 0.039  K
2458298.88597 12.907 0.031  K
2458298.93589 12.911 0.046  K
2458299.90093 12.934 0.069  K
2458299.95055 12.942 0.072  K
2458300.89707 12.927 0.035  K
2458300.97952 12.944 0.050  K
2458303.92606 12.934 0.033  K
2458304.90633 12.905 0.036  K
2458304.95719 12.911 0.035  K
2458305.84719 12.915 0.042  K
2458305.87483 13.003 0.091  K
2458305.93411 12.923 0.034  K
2458307.87946 12.950 0.077  K
2458307.88078 13.004 0.060  K
2458307.88207 12.949 0.056  K
2458308.85069 12.930 0.049  K
2458308.87799 12.913 0.044  K
2458308.92551 12.941 0.057  K
2458309.82512 12.943 0.064  K
2458309.90627 12.912 0.030  K
2458310.84923 12.953 0.066  K
2458310.87769 12.932 0.040  K
2458310.92888 12.918 0.032  K
2458311.85278 12.947 0.066  K
2458311.88090 12.920 0.086  K
2458311.93049 12.941 0.060  K
2458312.83459 12.926 0.045  K
2458312.90397 12.951 0.066  K
2458315.85730 12.920 0.040  K
2458315.93020 12.937 0.040  K
2458316.86354 12.991 0.089  K
2458316.89253 12.960 0.078  K
2458316.94228 12.953 0.095  K
2458317.89804 12.909 0.092  K
2458317.89935 12.981 0.071  K
2458319.87835 12.998 0.085  K
2458319.90616 13.030 0.061  K
2458321.81372 12.948 0.055  K
2458321.88835 12.923 0.051  K
2458327.82009 12.925 0.038  K
2458327.89974 12.937 0.039  K
2458328.76803 12.938 0.069  K
2458328.79856 12.943 0.063  K
2458328.84524 12.940 0.066  K
2458329.81149 12.930 0.051  K
2458329.81281 12.916 0.037  K
2458329.81411 12.925 0.037  K
2458330.76229 12.949 0.057  K
2458330.84126 12.944 0.048  K
2458331.76281 13.046 0.083  K
2458331.79695 13.065 0.114  K
2458331.84555 12.968 0.097  K
2458332.79486 12.991 0.092  K
2458333.75726 12.967 0.059  K
2458333.84993 12.958 0.064  K
2458335.82072 12.951 0.050  K
2458335.84804 12.952 0.067  K
2458335.89703 12.946 0.056  K
2458336.75122 12.934 0.052  K
2458336.82927 12.922 0.032  K
2458590.03515 12.939 0.045  K
2458590.06428 12.943 0.034  K
2458590.11213 12.925 0.029  K
2458591.04668 12.959 0.068  K
2458591.07421 12.958 0.060  K
2458591.12791 12.961 0.061  K
2458592.05087 12.973 0.079  K
2458592.12188 12.994 0.067  K
2458593.04633 12.955 0.060  K
2458593.07422 12.967 0.054  K
2458593.11905 12.947 0.059  K
2458594.04570 12.945 0.040  K
2458594.07362 12.952 0.039  K
2458594.11778 12.962 0.044  K
2458595.04223 12.931 0.030  K
2458595.11407 12.937 0.033  K
2458599.02677 12.939 0.029  K
2458599.05496 12.950 0.027  K
2458599.10631 12.928 0.030  K
2458600.02724 12.950 0.038  K
2458600.05502 12.958 0.044  K
2458600.10659 12.935 0.034  K
2458601.02203 12.961 0.062  K
2458601.10600 12.935 0.035  K
2458605.01670 12.927 0.030  K
2458605.04693 12.935 0.030  K
2458605.09104 12.927 0.033  K
2458606.02014 12.972 0.047  K
2458606.05383 12.930 0.040  K
2458606.10217 12.942 0.034  K
2458607.00551 12.951 0.037  K
2458607.09469 12.929 0.030  K
2458611.01505 12.951 0.028  K
2458611.04335 12.959 0.040  K
2458611.09228 12.964 0.071  K
2458612.02701 12.938 0.033  K
2458612.05556 12.931 0.037  K
2458612.10745 12.940 0.030  K
2458613.02871 12.946 0.035  K
2458613.10337 12.929 0.035  K
2458613.99675 12.951 0.031  K
2458614.02511 12.961 0.044  K
2458614.07116 12.952 0.034  K
2458614.98078 12.954 0.042  K
2458615.00898 12.951 0.033  K
2458615.05705 12.953 0.055  K
2458615.98214 12.932 0.026  K
2458616.05808 12.932 0.027  K
2458616.97264 12.977 0.045  K
2458617.00043 12.975 0.068  K
2458617.04465 12.969 0.056  K
2458618.00330 12.972 0.070  K
2458618.00463 12.985 0.059  K
2458618.00595 13.001 0.057  K
2458618.95853 12.962 0.045  K
2458619.03509 12.953 0.031  K
2458619.97462 12.956 0.034  K
2458620.00242 12.943 0.038  K
2458620.05646 12.949 0.045  K
2458620.97842 12.962 0.047  K
2458621.00657 12.972 0.042  K
2458621.05700 12.936 0.027  K
2458621.97877 12.964 0.048  K
2458622.05609 12.996 0.074  K
2458623.00044 12.964 0.045  K
2458623.00175 12.976 0.041  K
2458623.00306 12.969 0.054  K
2458626.98971 12.946 0.035  K
2458627.01808 12.940 0.038  K
2458627.06711 12.962 0.038  K
2458627.96751 12.951 0.079  K
2458627.99599 12.954 0.054  K
2458628.04810 12.962 0.044  K
2458628.98555 12.955 0.030  K
2458629.06649 12.954 0.056  K
2458629.95848 12.984 0.055  K
2458629.98658 12.955 0.036  K
2458630.03492 13.026 0.068  K
2458630.96261 12.945 0.042  K
2458630.96394 12.934 0.038  K
2458630.96528 12.953 0.040  K
2458631.95926 12.948 0.034  K
2458632.03986 12.963 0.039  K
2458632.92672 12.948 0.035  K
2458632.95687 12.951 0.036  K
2458633.00307 12.947 0.032  K
2458633.91887 12.975 0.040  K
2458633.94811 12.984 0.043  K
2458633.99628 12.964 0.087  K
2458634.93908 12.957 0.040  K
2458635.01962 12.997 0.059  K
2458635.94801 12.970 0.048  K
2458635.94933 12.966 0.046  K
2458635.95067 12.968 0.047  K
2458636.92453 12.938 0.031  K
2458636.95269 12.961 0.035  K
2458637.00333 12.946 0.033  K
2458637.91057 12.967 0.059  K
2458637.98648 12.974 0.039  K
2458639.93886 12.948 0.026  K
2458639.96768 12.945 0.028  K
2458640.03962 12.950 0.034  K
2458641.94616 12.960 0.047  K
2458641.97447 12.955 0.053  K
2458642.01954 12.916 0.039  K
2458642.90332 12.973 0.052  K
2458642.94178 12.976 0.047  K
2458642.98608 12.965 0.056  K
2458643.93310 12.953 0.036  K
2458644.00784 12.946 0.034  K
2458644.89348 12.973 0.034  K
2458644.92208 12.969 0.048  K
2458644.97060 12.952 0.043  K
2458645.91345 12.966 0.050  K
2458645.91478 12.975 0.038  K
2458645.91610 12.956 0.052  K
2458646.89685 12.955 0.043  K
2458646.97756 12.936 0.041  K
2458647.91917 12.947 0.043  K
2458647.94720 12.960 0.037  K
2458647.99837 12.933 0.022  K
2458648.90977 12.944 0.039  K
2458648.93776 12.931 0.036  K
2458648.98869 12.911 0.041  K
2458649.89767 12.987 0.042  K
2458649.97443 12.960 0.062  K
2458653.88789 12.948 0.051  K
2458653.91563 12.941 0.037  K
2458653.96663 12.963 0.051  K
2458654.88691 12.943 0.037  K
2458654.91473 12.933 0.029  K
2458654.96447 12.942 0.034  K
2458655.89481 12.975 0.046  K
2458656.88756 12.966 0.046  K
2458659.88208 13.020 0.075  K
2458659.90984 12.980 0.060  K
2458659.95862 13.011 0.073  K
2458660.87571 12.936 0.045  K
2458660.90896 12.941 0.031  K
2458660.95332 12.937 0.035  K
2458662.93660 12.929 0.048  K
2458662.93792 12.948 0.052  K
2458662.93925 12.945 0.049  K
2458664.82587 12.948 0.036  K
2458664.90190 12.931 0.030  K
2458664.94830 12.905 0.035  K
2458664.97611 12.923 0.043  K
2458665.83498 12.945 0.054  K
2458665.86313 12.955 0.051  K
2458665.91616 12.948 0.042  K
2458665.95543 12.928 0.041  K
2458666.82826 12.948 0.030  K
2458666.85636 12.957 0.034  K
2458666.90455 12.929 0.023  K
2458666.94761 12.926 0.042  K
2458666.97556 12.927 0.035  K
2458667.83413 12.929 0.031  K
2458667.90766 12.922 0.037  K
2458667.95083 12.924 0.034  K
2458667.97911 12.933 0.029  K
2458668.83800 12.951 0.051  K
2458668.86598 12.939 0.051  K
2458668.91562 12.961 0.056  K
2458669.87629 12.958 0.049  K
2458669.90492 12.937 0.025  K
2458669.95256 12.941 0.050  K
2458671.84789 12.950 0.041  K
2458671.87678 12.930 0.034  K
2458671.92536 12.930 0.039  K
2458672.87178 13.006 0.080  K
2458672.87312 12.978 0.048  K
2458672.87447 13.103 0.076  K
2458674.81451 12.986 0.059  K
2458674.84849 12.964 0.065  K
2458674.90038 13.015 0.077  K
2458675.79302 13.013 0.065  K
2458675.82529 12.966 0.056  K
2458675.86947 12.968 0.052  K
2458676.79663 12.970 0.038  K
2458676.87856 12.942 0.030  K
2458677.85949 12.971 0.048  K
2458677.86081 13.001 0.067  K
2458677.86213 12.983 0.058  K
2458680.86534 12.945 0.035  K
2458680.89321 12.944 0.032  K
2458680.94177 12.942 0.038  K
2458708.74627 13.072 0.064  K
2458708.78310 12.963 0.044  K
2458708.84552 12.946 0.047  K
2458709.75089 13.025 0.067  K
2458709.78507 13.093 0.070  K
2458709.83263 12.991 0.072  K
2458710.75337 12.977 0.037  K
2458710.78155 12.983 0.055  K
2458710.83824 12.977 0.053  K
2458711.81619 12.936 0.023  K
2458711.84920 12.936 0.031  K
2458712.78929 13.042 0.071  K
2458712.84533 13.183 0.079  K
2458713.84803 12.989 0.054  K
2458714.74465 13.010 0.055  K
2458714.78024 12.985 0.054  K
2458714.83425 12.987 0.067  K
2458715.74453 13.035 0.073  K
2458715.77908 13.034 0.078  K
2458715.82663 12.971 0.078  K
2458716.82183 12.963 0.061  K
2458716.85010 12.963 0.058  K
2458717.79285 12.996 0.070  K
2458717.82664 13.000 0.067  K
2458718.76395 12.965 0.037  K
2458718.79845 12.889 0.098  K
2458718.84293 12.978 0.056  K
2458719.76080 12.997 0.053  K
2458719.79486 12.997 0.050  K
2458719.83952 12.976 0.037  K
2458721.75817 12.969 0.019  K
2458721.78992 12.967 0.045  K
2458721.83721 12.996 0.051  K
2458722.81017 13.001 0.050  K
2458722.83902 12.975 0.093  K
2458724.75504 13.006 0.047  K
2458724.79267 13.021 0.061  K
2458724.83831 12.930 0.044  K
2458733.76602 12.996 0.057  K
2458734.75986 12.990 0.055  K
2458734.79555 13.017 0.067  K
2458736.72723 13.060 0.123  K
2458736.75912 12.968 0.042  K
2458736.80836 12.956 0.052  K
