2458592.08615 15.272 0.041  H
2458595.07822 15.191 0.041  H
2458601.06641 15.261 0.034  H
2458607.05306 15.192 0.043  H
2458613.05453 15.108 0.038  H
2458616.01819 15.133 0.041  H
2458618.99458 15.181 0.035  H
2458629.02274 15.127 0.042  H
2458631.99525 15.083 0.030  H
2458634.97576 15.166 0.030  H
2458637.95073 15.085 0.039  H
2458643.97004 14.967 0.036  H
2458646.94157 14.835 0.026  H
2458649.93460 14.659 0.029  H
2458664.86239 14.769 0.033  H
2458667.85923 14.894 0.033  H
2458676.83863 14.982 0.034  H
2457865.06457 15.116 0.024  H
2457880.03927 15.095 0.022  H
2457883.02208 15.233 0.027  H
2457886.05072 15.216 0.032  H
2457891.99597 15.091 0.026  H
2457895.03780 15.180 0.027  H
2457898.00027 15.247 0.030  H
2457900.99182 15.149 0.026  H
2457903.98017 15.253 0.067  H
2457909.96049 15.151 0.026  H
2457912.94365 15.156 0.028  H
2457918.93942 15.149 0.025  H
2457924.92279 15.183 0.025  H
2457927.93702 15.124 0.029  H
2457930.91343 15.199 0.031  H
2457933.88273 15.269 0.031  H
2457936.91770 15.299 0.035  H
2457939.88948 15.315 0.033  H
2457945.91530 15.211 0.028  H
2457948.85847 15.335 0.036  H
2457951.85466 15.175 0.024  H
2457954.82981 15.142 0.026  H
2457957.82984 15.249 0.042  H
2457960.83700 15.334 0.038  H
2457966.81675 15.181 0.025  H
2457972.80806 15.177 0.024  H
2457978.80291 15.169 0.024  H
2457981.80642 15.159 0.027  H
2458222.08172 15.221 0.033  H
2458234.11399 15.266 0.026  H
2458255.00837 15.200 0.035  H
2458257.99967 15.236 0.031  H
2458260.99414 15.183 0.024  H
2458263.97154 15.220 0.032  H
2458266.95750 15.198 0.028  H
2458273.96993 15.285 0.044  H
2458279.92615 15.182 0.039  H
2458282.92564 15.205 0.032  H
2458285.94629 15.241 0.030  H
2458291.92387 15.259 0.034  H
2458294.92750 15.231 0.025  H
2458300.94126 15.229 0.030  H
2458303.96177 15.289 0.046  H
2458309.86408 15.187 0.031  H
2458312.85894 15.291 0.037  H
2458315.89496 15.200 0.032  H
2458321.84883 15.239 0.029  H
2458327.85844 15.165 0.034  H
2458330.80069 15.243 0.030  H
2458336.78635 15.183 0.040  H
