2458222.03793 15.382 0.063  K
2458234.06166 15.376 0.112  K
2458236.05952 15.423 0.081  K
2458253.95268 15.140 0.055  K
2458254.00278 15.107 0.067  K
2458254.96343 15.033 0.049  K
2458255.95651 15.030 0.057  K
2458256.97786 15.093 0.051  K
2458257.02791 15.047 0.051  K
2458257.07258 15.067 0.059  K
2458257.96633 15.074 0.091  K
2458258.05978 15.095 0.099  K
2458258.97381 15.175 0.090  K
2458259.02450 15.034 0.056  K
2458259.07399 15.122 0.062  K
2458259.97193 15.099 0.075  K
2458260.02206 15.068 0.056  K
2458260.07293 15.044 0.049  K
2458260.94634 15.012 0.068  K
2458261.04411 14.993 0.055  K
2458261.94459 15.061 0.065  K
2458261.99518 15.065 0.073  K
2458262.04970 15.003 0.056  K
2458262.97875 15.060 0.067  K
2458262.98004 15.001 0.056  K
2458262.98180 15.009 0.050  K
2458263.92742 15.129 0.073  K
2458264.02182 15.094 0.071  K
2458265.01002 15.037 0.069  K
2458265.05352 15.075 0.061  K
2458265.96328 15.121 0.107  K
2458266.06398 15.085 0.068  K
2458266.91236 15.210 0.086  K
2458267.00608 15.049 0.061  K
2458272.07935 15.171 0.129  K
2458272.97502 15.136 0.079  K
2458273.03124 15.073 0.074  K
2458273.07546 15.019 0.064  K
2458273.92075 15.083 0.079  K
2458275.00143 15.114 0.097  K
2458275.92646 14.984 0.081  K
2458275.92778 14.995 0.060  K
2458279.88231 14.019 0.034  K
2458279.98195 14.018 0.025  K
2458281.91865 14.095 0.040  K
2458282.88063 14.020 0.037  K
2458282.97881 14.006 0.030  K
2458283.97775 13.851 0.033  K
2458284.91942 13.506 0.035  K
2458284.99067 13.468 0.041  K
2458285.90622 14.305 0.044  K
2458286.99471 15.048 0.048  K
2458290.87243 14.944 0.073  K
2458290.87372 14.860 0.068  K
2458290.87570 14.873 0.041  K
2458291.87047 15.027 0.083  K
2458292.89444 14.870 0.052  K
2458292.96414 14.849 0.066  K
2458293.85698 14.782 0.065  K
2458294.87587 14.752 0.059  K
2458298.87773 14.498 0.035  K
2458298.94958 14.520 0.044  K
2458299.89191 14.546 0.054  K
2458299.96400 14.538 0.056  K
2458300.88902 14.496 0.034  K
2458300.99375 14.520 0.034  K
2458303.91785 14.657 0.110  K
2458304.89824 14.672 0.047  K
2458304.97072 14.683 0.052  K
2458305.83907 14.809 0.064  K
2458305.90374 14.800 0.063  K
2458305.94755 14.817 0.051  K
2458307.85694 14.801 0.098  K
2458307.85825 14.869 0.089  K
2458309.81610 15.022 0.053  K
2458309.91975 14.950 0.050  K
2458310.84118 15.003 0.077  K
2458310.89885 14.988 0.065  K
2458310.94253 14.985 0.056  K
2458311.84455 15.106 0.081  K
2458311.89963 15.039 0.064  K
2458311.94475 15.081 0.093  K
2458312.82653 15.066 0.061  K
2458312.91778 15.181 0.101  K
2458315.84880 15.135 0.059  K
2458315.94669 15.187 0.068  K
2458316.90600 15.220 0.109  K
2458317.87084 15.231 0.084  K
2458317.87219 15.134 0.070  K
2458317.87350 15.073 0.057  K
2458321.80569 15.377 0.101  K
2458327.81200 15.312 0.070  K
2458329.78415 15.246 0.170  K
2458330.75418 15.361 0.102  K
2458330.85469 15.295 0.061  K
2458333.74915 15.385 0.083  K
2458335.81259 15.382 0.077  K
2458335.86139 15.397 0.085  K
2458336.74304 15.412 0.078  K
2458336.84269 15.343 0.056  K
2457864.01542 15.466 0.061  K
2457864.07579 15.446 0.066  K
2457864.12164 15.462 0.059  K
2457865.01002 15.471 0.067  K
2457865.11326 15.494 0.103  K
2457878.07344 15.567 0.093  K
2457878.11711 15.455 0.065  K
2457878.97685 15.434 0.080  K
2457879.03810 15.461 0.070  K
2457879.08932 15.397 0.066  K
2457879.98464 15.458 0.069  K
2457880.09639 15.427 0.069  K
2457880.97811 15.444 0.073  K
2457881.04262 15.271 0.076  K
2457881.08610 15.387 0.080  K
2457881.97666 15.478 0.073  K
2457881.97797 15.496 0.069  K
2457881.97925 15.453 0.076  K
2457883.07080 15.537 0.087  K
2457883.97818 15.439 0.073  K
2457884.04107 15.400 0.054  K
2457884.09231 15.435 0.055  K
2457884.99035 15.519 0.075  K
2457885.05751 15.391 0.060  K
2457885.10738 15.511 0.066  K
2457885.98891 15.480 0.070  K
2457886.98478 15.562 0.075  K
2457886.98608 15.508 0.070  K
2457886.98738 15.495 0.071  K
2457890.93963 15.528 0.077  K
2457891.00284 15.448 0.062  K
2457891.94142 15.632 0.077  K
2457892.05131 15.418 0.080  K
2457893.01264 15.495 0.084  K
2457893.05839 15.506 0.075  K
2457893.94605 15.458 0.065  K
2457893.94736 15.411 0.066  K
2457894.92501 15.457 0.099  K
2457895.08677 15.460 0.065  K
2457897.93874 15.478 0.084  K
2457898.04966 15.435 0.062  K
2457898.96175 15.463 0.069  K
2457898.96310 15.613 0.093  K
2457899.95933 15.424 0.078  K
2457900.02076 15.629 0.085  K
2457900.06984 15.499 0.062  K
2457900.93347 15.511 0.071  K
2457901.04573 15.494 0.077  K
2457901.94671 15.424 0.075  K
2457902.06904 15.507 0.068  K
2457902.93276 15.474 0.063  K
2457903.91912 15.534 0.082  K
2457904.03806 15.454 0.076  K
2457904.94092 15.424 0.070  K
2457905.00103 15.505 0.079  K
2457905.05018 15.518 0.063  K
2457905.97774 15.413 0.070  K
2457906.03197 15.425 0.090  K
2457907.92574 15.573 0.101  K
2457908.03786 15.500 0.074  K
2457909.90032 15.539 0.078  K
2457910.01247 15.496 0.080  K
2457910.88596 15.467 0.071  K
2457910.94663 15.410 0.059  K
2457911.00264 15.459 0.076  K
2457911.92381 15.549 0.096  K
2457911.98392 15.507 0.064  K
2457912.88905 15.517 0.074  K
2457912.99264 15.502 0.098  K
2457916.90097 15.436 0.078  K
2457916.96677 15.448 0.077  K
2457917.01660 15.433 0.061  K
2457917.89789 15.490 0.082  K
2457917.96348 15.469 0.074  K
2457918.01126 15.505 0.103  K
2457918.99334 15.458 0.062  K
2457920.90205 15.493 0.077  K
2457920.90336 15.492 0.074  K
2457920.90464 15.448 0.077  K
2457924.97137 15.523 0.085  K
2457925.86972 15.467 0.068  K
2457925.87100 15.462 0.073  K
2457925.87230 15.468 0.076  K
2457926.84923 15.494 0.068  K
2457926.90935 15.480 0.073  K
2457926.95898 15.425 0.077  K
2457927.88241 15.476 0.080  K
2457927.98996 15.445 0.077  K
2457928.85452 15.480 0.074  K
2457928.91922 15.520 0.087  K
2457928.96951 15.438 0.084  K
2457929.84560 15.561 0.078  K
2457929.91277 15.460 0.066  K
2457929.96289 15.473 0.079  K
2457930.85026 15.529 0.097  K
2457930.96209 15.482 0.068  K
2457931.89265 15.424 0.076  K
2457934.82578 15.498 0.081  K
2457934.88623 15.457 0.070  K
2457934.92975 15.449 0.070  K
2457935.84077 15.410 0.108  K
2457935.84222 15.511 0.080  K
2457935.84353 15.506 0.090  K
2457936.85954 15.569 0.079  K
2457936.96635 15.381 0.062  K
2457937.82249 15.452 0.080  K
2457937.89168 15.444 0.076  K
2457937.93594 15.448 0.079  K
2457944.85766 14.858 0.655  K
2457945.84916 15.422 0.064  K
2457945.96814 15.529 0.106  K
2457947.80986 15.499 0.078  K
2457947.81117 15.504 0.085  K
2457947.81247 15.524 0.085  K
2457949.81637 15.580 0.081  K
2457949.87864 15.446 0.108  K
2457949.92241 15.541 0.084  K
2457950.80086 15.435 0.067  K
2457950.86687 15.457 0.063  K
2457951.79620 15.431 0.070  K
2457951.90374 15.454 0.091  K
2457952.83574 15.441 0.060  K
2457952.83703 15.432 0.061  K
2457953.84853 15.462 0.063  K
2457953.91310 15.463 0.076  K
2457953.95829 15.548 0.077  K
2457954.77583 15.591 0.078  K
2457954.87910 15.507 0.070  K
2457955.79229 15.663 0.098  K
2457955.85210 15.495 0.102  K
2457955.89558 15.523 0.079  K
2457958.76524 15.454 0.076  K
2457958.83294 15.464 0.072  K
2457958.88365 15.432 0.065  K
2457959.87636 15.481 0.096  K
2457960.77237 15.527 0.081  K
2457961.76325 15.510 0.080  K
2457961.83761 15.587 0.101  K
2457964.76665 15.518 0.082  K
2457964.83261 15.488 0.073  K
2457964.87623 15.675 0.075  K
2457965.75355 15.611 0.091  K
2457966.76011 15.564 0.083  K
2457966.86586 15.471 0.066  K
2457967.76371 15.486 0.078  K
2457967.76501 15.489 0.064  K
2457967.76631 15.441 0.071  K
2457970.75935 15.530 0.081  K
2457970.83354 15.466 0.068  K
2457971.76250 15.571 0.082  K
2457971.82353 15.519 0.070  K
2457971.87426 15.503 0.070  K
2457972.75215 15.532 0.072  K
2457974.84926 15.489 0.086  K
2457976.75041 15.414 0.060  K
2457976.82892 15.440 0.061  K
2457976.87904 15.476 0.073  K
2457977.75093 15.366 0.073  K
2457977.81887 15.448 0.071  K
2457977.86264 15.351 0.059  K
2457978.74785 15.398 0.076  K
2457978.85905 15.441 0.071  K
2457979.75631 15.571 0.083  K
2457979.75762 15.525 0.075  K
2457980.74719 15.483 0.064  K
2457980.80780 15.437 0.073  K
2457980.85684 15.477 0.066  K
2457981.86154 15.482 0.078  K
2457982.85970 15.606 0.104  K
2457983.74437 15.573 0.082  K
2457983.80446 15.485 0.080  K
2457983.85361 15.477 0.073  K
2457985.78189 15.436 0.065  K
2457989.76391 15.544 0.101  K
2457990.76468 15.461 0.062  K
2457991.76560 15.448 0.077  K
2457992.76511 15.471 0.062  K
2457992.83852 15.462 0.069  K
2458664.98975 16.079 0.108  K
2458667.82591 15.981 0.098  K
2458590.02714 15.444 0.058  K
2458590.07774 15.444 0.061  K
2458590.12581 15.526 0.074  K
2458591.14186 15.488 0.071  K
2458593.03809 15.506 0.076  K
2458593.08843 15.431 0.070  K
2458593.13281 15.473 0.074  K
2458594.03756 15.467 0.074  K
2458594.08731 15.448 0.080  K
2458594.13173 15.413 0.065  K
2458595.03410 15.459 0.074  K
2458595.12936 15.441 0.065  K
2458599.01854 15.521 0.069  K
2458599.06886 15.476 0.073  K
2458599.12023 15.443 0.069  K
2458600.01904 15.445 0.073  K
2458600.06918 15.509 0.078  K
2458600.12046 15.463 0.069  K
2458601.01390 15.477 0.076  K
2458601.11977 15.461 0.062  K
2458605.00859 15.443 0.064  K
2458605.06062 15.394 0.066  K
2458605.10479 15.462 0.068  K
2458605.99307 15.495 0.075  K
2458606.07178 15.441 0.068  K
2458606.11592 15.454 0.074  K
2458606.99739 15.480 0.070  K
2458607.10867 15.471 0.067  K
2458611.00668 15.488 0.080  K
2458611.05726 15.489 0.088  K
2458611.10672 15.480 0.067  K
2458612.01868 15.459 0.071  K
2458612.06994 15.503 0.070  K
2458612.12170 15.465 0.075  K
2458613.02045 15.484 0.075  K
2458613.11785 15.447 0.072  K
2458613.98859 15.470 0.079  K
2458614.03990 15.488 0.071  K
2458614.08854 15.479 0.067  K
2458614.97262 15.463 0.065  K
2458615.02299 15.524 0.077  K
2458615.07220 15.572 0.075  K
2458615.97265 15.487 0.077  K
2458616.07184 15.451 0.062  K
2458616.96447 15.534 0.091  K
2458617.01410 15.465 0.068  K
2458617.06391 15.531 0.094  K
2458617.97999 15.467 0.086  K
2458617.98129 15.441 0.089  K
2458618.95037 15.466 0.075  K
2458619.04880 15.470 0.083  K
2458619.96645 15.488 0.077  K
2458620.01644 15.435 0.060  K
2458620.07044 15.500 0.082  K
2458620.97026 15.464 0.066  K
2458621.02029 15.464 0.067  K
2458621.07070 15.475 0.069  K
2458621.97061 15.478 0.083  K
2458622.07788 15.494 0.084  K
2458626.98141 15.477 0.073  K
2458627.03267 15.447 0.065  K
2458627.08124 15.468 0.078  K
2458627.95919 15.492 0.079  K
2458628.01007 15.475 0.090  K
2458628.06224 15.563 0.079  K
2458628.97689 15.469 0.071  K
2458629.95019 15.525 0.096  K
2458630.93724 15.408 0.072  K
2458630.93863 15.434 0.071  K
2458630.93996 15.404 0.070  K
2458631.95102 15.500 0.074  K
2458632.05361 15.489 0.063  K
2458632.91852 15.458 0.066  K
2458633.01678 15.420 0.074  K
2458633.96185 15.491 0.086  K
2458634.01002 15.466 0.074  K
2458635.92375 15.546 0.083  K
2458635.92508 15.430 0.075  K
2458635.92641 15.472 0.068  K
2458636.91620 15.490 0.067  K
2458636.96642 15.428 0.063  K
2458637.01734 15.488 0.064  K
2458637.90237 15.453 0.078  K
2458639.93053 15.455 0.073  K
2458639.98204 15.492 0.085  K
2458640.05344 15.526 0.093  K
2458641.98846 15.552 0.089  K
2458642.89512 15.562 0.081  K
2458642.95550 15.507 0.072  K
2458642.99990 15.555 0.077  K
2458643.92490 15.707 0.080  K
2458644.02150 15.458 0.065  K
2458644.88529 15.437 0.063  K
2458644.93915 15.492 0.079  K
2458645.88903 15.402 0.067  K
2458645.89034 15.426 0.070  K
2458645.89165 15.364 0.064  K
2458646.88861 15.478 0.079  K
2458646.99246 15.538 0.075  K
2458647.91094 15.479 0.066  K
2458647.96101 15.452 0.066  K
2458648.01216 15.436 0.062  K
2458648.90155 15.464 0.062  K
2458649.00261 15.490 0.079  K
2458653.92926 15.436 0.061  K
2458653.98063 15.524 0.073  K
2458654.87871 15.441 0.064  K
2458654.92837 15.504 0.066  K
2458654.97836 15.493 0.074  K
2458655.88640 15.521 0.081  K
2458656.87897 15.487 0.080  K
2458660.86745 15.594 0.082  K
2458660.92259 15.540 0.075  K
2458660.97028 15.522 0.083  K
2458662.91208 15.491 0.079  K
2458662.91364 15.364 0.064  K
2458662.91495 15.364 0.075  K
2458664.81770 15.424 0.075  K
2458664.91553 15.460 0.063  K
2458664.93991 15.412 0.083  K
2458664.98975 15.686 0.081  K
2458665.82679 15.560 0.085  K
2458665.87678 15.508 0.093  K
2458665.94724 15.453 0.072  K
2458666.82002 15.534 0.076  K
2458666.87001 15.446 0.084  K
2458666.91824 15.493 0.067  K
2458666.93939 15.422 0.064  K
2458666.98919 15.466 0.086  K
2458667.82591 15.588 0.072  K
2458667.92132 15.482 0.065  K
2458667.94265 15.444 0.065  K
2458667.99277 15.474 0.069  K
2458668.82980 15.518 0.082  K
2458668.87980 15.502 0.090  K
2458669.86801 15.474 0.064  K
2458669.91858 15.442 0.084  K
2458669.96696 15.655 0.074  K
2458671.83969 15.477 0.076  K
2458671.89471 15.480 0.068  K
2458671.93908 15.463 0.069  K
2458672.84827 15.426 0.092  K
2458672.84963 15.447 0.088  K
2458674.86610 15.527 0.078  K
2458674.95936 15.490 0.098  K
2458675.83892 15.516 0.101  K
2458675.89104 15.481 0.070  K
2458676.78838 15.450 0.072  K
2458676.89218 15.418 0.063  K
2458680.85712 15.430 0.064  K
2458680.90709 15.446 0.064  K
2458708.80032 15.456 0.073  K
2458708.86858 15.496 0.083  K
2458710.80045 15.477 0.079  K
2458710.85184 15.521 0.071  K
2458711.80789 15.427 0.062  K
2458711.86289 15.539 0.096  K
2458713.83968 15.533 0.099  K
2458714.84960 15.486 0.084  K
2458716.81356 15.539 0.103  K
2458717.84026 15.560 0.113  K
2458718.75568 15.628 0.100  K
2458721.74985 15.516 0.083  K
2458734.75158 15.522 0.085  K
2458736.71892 15.510 0.116  K
2458736.77272 15.543 0.094  K
2458222.08713 16.422 0.086  H
2458234.12113 16.416 0.066  H
2458255.01418 16.240 0.084  H
2458258.00593 16.345 0.078  H
2458260.99963 16.153 0.047  H
2458263.97690 16.168 0.058  H
2458279.93150 15.207 0.029  H
2458282.93119 15.241 0.030  H
2458285.95175 16.133 0.058  H
2458291.92926 16.179 0.079  H
2458294.93377 15.923 0.045  H
2458300.94970 15.721 0.035  H
2458303.96727 15.900 0.062  H
2458309.86946 16.145 0.049  H
2458315.90033 16.284 0.052  H
2458327.86385 16.454 0.058  H
2458330.80608 16.503 0.069  H
2458336.79174 16.514 0.062  H
2457865.07002 16.520 0.088  H
2457880.05301 16.528 0.064  H
2457892.00136 16.557 0.089  H
2457895.04344 16.614 0.091  H
2457900.99743 16.876 0.104  H
2457909.96585 16.555 0.095  H
2457912.94942 16.658 0.099  H
2457918.94480 16.686 0.093  H
2457927.94240 16.595 0.083  H
2457930.91881 16.703 0.104  H
2457936.92308 16.713 0.090  H
2457945.92068 16.677 0.081  H
2457951.86003 16.646 0.080  H
2457954.83582 16.598 0.078  H
2457960.84291 16.649 0.079  H
2457972.81346 16.627 0.078  H
2457978.80832 16.642 0.085  H
2458595.08363 16.526 0.063  H
2458613.06645 16.561 0.063  H
2458616.02362 16.587 0.075  H
2458619.00002 16.589 0.085  H
2458643.97560 16.689 0.080  H
2458646.94707 16.573 0.065  H
2458664.87167 16.590 0.068  H
2458667.86470 16.562 0.072  H
2458676.84429 16.665 0.066  H
