2457864.05131 17.361 0.248  H
2457865.04570 17.086 0.200  H
2457880.02033 17.087 0.186  H
2457884.01629 17.305 0.246  H
2457885.03186 17.334 0.236  H
2457894.96510 17.361 0.260  H
2457897.98139 17.481 0.292  H
2457899.99493 17.297 0.243  H
2457901.99098 17.237 0.221  H
2457904.97654 17.240 0.218  H
2457905.95328 17.109 0.186  H
2457910.92220 17.187 0.205  H
2457911.95945 17.189 0.219  H
2457912.92491 17.484 0.296  H
2457916.94151 17.025 0.188  H
2457918.92064 17.201 0.227  H
2457926.88487 17.138 0.202  H
2457928.89422 17.311 0.252  H
2457929.88160 17.014 0.186  H
2457931.93329 16.808 0.141  H
2457934.86178 16.963 0.177  H
2457936.89470 17.053 0.185  H
2457937.85872 17.023 0.193  H
2457944.91046 17.316 0.291  H
2457945.89653 16.598 0.125  H
2457948.83324 17.366 0.347  H
2457949.85230 16.749 0.155  H
2457950.83975 16.426 0.108  H
2457953.88875 16.338 0.114  H
2457954.81113 16.361 0.101  H
2457955.82784 16.339 0.109  H
2457958.80439 16.196 0.098  H
2457959.80469 16.757 0.174  H
2457960.81540 16.247 0.099  H
2457961.80675 16.253 0.115  H
2457965.78925 16.119 0.169  H
2457966.79727 15.964 0.086  H
2457970.80624 15.468 0.061  H
2457971.79825 15.403 0.058  H
2457972.78950 15.236 0.049  H
2457974.87204 14.246 0.073  H
2457976.79708 14.015 0.042  H
2457977.78952 13.983 0.030  H
2457978.78334 13.752 0.036  H
2457980.78321 12.952 0.037  H
2457981.78770 14.821 0.059  H
2457982.78632 14.797 0.068  H
2457983.78011 14.823 0.046  H
2457985.83346 14.948 0.051  H
2457988.78390 15.349 0.066  H
2457990.78407 15.530 0.065  H
2457993.83144 15.910 0.091  H
2457487.10426 17.454 0.236  H
2457488.07982 17.745 0.308  H
2457489.08308 17.613 0.301  H
2457489.13866 17.752 0.307  H
2457490.08861 18.214 0.477  H
2457491.09781 18.030 0.408  H
2457495.12795 17.831 0.353  H
2457509.10352 18.065 0.414  H
2457513.06692 17.930 0.372  H
2457515.05724 18.138 0.458  H
2457527.01212 16.781 0.198  H
2457536.07022 17.453 0.289  H
2457539.00495 18.028 0.425  H
2457547.95736 17.881 0.358  H
2457555.95809 17.750 0.331  H
2457558.92734 17.838 0.323  H
2457575.89173 17.623 0.310  H
2457575.94829 17.625 0.270  H
2458234.08598 17.677 0.357  H
2458254.98895 17.579 0.309  H
2458259.99677 17.756 0.368  H
2458260.97129 17.356 0.237  H
2458263.95264 17.453 0.277  H
2458279.90699 17.647 0.302  H
2458298.90218 17.369 0.221  H
2458300.91417 17.474 0.248  H
2458303.94268 17.668 0.321  H
2458304.92231 17.248 0.196  H
2458309.84530 17.869 0.360  H
2458310.86665 17.683 0.288  H
2458315.87375 17.537 0.268  H
2458327.83973 17.252 0.200  H
2458336.76765 17.495 0.251  H
2458594.06225 17.797 0.337  H
2458595.05878 17.544 0.281  H
2458600.04381 17.778 0.326  H
2458605.03551 17.440 0.255  H
2458611.03189 17.959 0.419  H
2458612.04399 17.287 0.203  H
2458614.99750 17.335 0.215  H
2458615.99894 17.388 0.221  H
2458619.99124 17.533 0.255  H
2458627.00672 17.334 0.217  H
2458631.97601 17.682 0.283  H
2458632.94374 17.896 0.367  H
2458636.94146 17.577 0.269  H
2458639.95631 17.433 0.229  H
2458643.95052 17.646 0.296  H
2458646.91361 17.578 0.273  H
2458647.93591 17.480 0.252  H
2458648.92649 17.552 0.261  H
2458654.90355 17.656 0.283  H
2458660.89230 17.582 0.270  H
2458664.84293 17.843 0.344  H
2458664.96494 17.290 0.193  H
2458666.84522 17.755 0.330  H
2458666.96427 17.546 0.279  H
2458667.96756 17.223 0.189  H
2458669.89337 17.561 0.285  H
2458671.86565 17.528 0.270  H
2458676.81908 17.335 0.201  H
2458680.88210 17.785 0.355  H
2458711.83555 17.461 0.242  H
2458711.83803 17.220 0.182  H
2458721.77877 17.902 0.479  H
2457882.05469 16.898 0.250  K
2457894.02257 16.640 0.196  K
2457920.98517 16.653 0.206  K
2457925.94888 16.622 0.192  K
2457930.88953 16.932 0.285  K
2457935.91986 16.701 0.239  K
2457947.92865 16.749 0.256  K
2457967.84182 15.194 0.061  K
2457979.83085 13.089 0.034  K
2458290.94487 17.079 0.295  K
2458307.94469 17.252 0.346  K
2458631.00633 16.981 0.253  K
