2457864.02885 16.004 0.070  K
2457864.06778 16.137 0.092  K
2457864.11354 15.972 0.074  K
2457865.02348 16.040 0.087  K
2457878.02093 16.086 0.083  K
2457878.10907 16.022 0.088  K
2457878.99036 15.852 0.084  K
2457879.03009 16.066 0.083  K
2457879.08127 16.002 0.091  K
2457879.99813 15.932 0.069  K
2457880.08830 15.986 0.078  K
2457880.99154 15.890 0.084  K
2457881.03419 15.844 0.083  K
2457881.07803 15.891 0.106  K
2457882.02012 15.983 0.076  K
2457882.02144 16.038 0.074  K
2457882.02275 15.978 0.073  K
2457882.97724 16.182 0.103  K
2457883.99329 16.054 0.077  K
2457884.03304 15.955 0.068  K
2457884.08423 15.931 0.080  K
2457885.00919 16.062 0.071  K
2457885.04930 15.961 0.067  K
2457885.09932 16.049 0.077  K
2457886.00230 16.150 0.089  K
2457890.95314 16.015 0.073  K
2457890.99477 15.962 0.071  K
2457891.03828 16.049 0.081  K
2457891.95488 15.983 0.071  K
2457892.04324 15.909 0.088  K
2457892.95794 16.136 0.104  K
2457892.99649 16.020 0.082  K
2457893.98478 16.083 0.082  K
2457893.98608 16.032 0.078  K
2457893.98738 16.050 0.080  K
2457894.94277 16.130 0.090  K
2457895.07868 15.977 0.070  K
2457897.95217 16.045 0.107  K
2457898.04156 16.000 0.080  K
2457899.01905 15.896 0.081  K
2457899.02037 15.951 0.084  K
2457899.02169 15.921 0.079  K
2457899.97276 16.009 0.072  K
2457900.01185 16.054 0.076  K
2457900.06172 15.969 0.075  K
2457900.95080 16.110 0.095  K
2457901.03763 16.065 0.083  K
2457901.96010 15.939 0.068  K
2457902.00751 16.021 0.079  K
2457902.06092 15.938 0.065  K
2457902.95010 15.990 0.074  K
2457904.02998 15.943 0.067  K
2457904.95437 16.004 0.075  K
2457904.99300 16.178 0.112  K
2457905.04211 16.055 0.076  K
2457905.93115 16.060 0.083  K
2457905.96969 16.003 0.087  K
2457906.02391 15.872 0.081  K
2457907.97773 16.044 0.079  K
2457908.02980 15.951 0.079  K
2457909.91625 16.213 0.110  K
2457910.00415 16.007 0.080  K
2457910.89995 16.049 0.094  K
2457910.93860 16.005 0.073  K
2457911.93724 15.974 0.086  K
2457911.97584 15.943 0.068  K
2457916.91436 15.944 0.086  K
2457916.95872 15.988 0.081  K
2457917.00851 15.946 0.073  K
2457917.91137 16.151 0.084  K
2457917.95537 16.043 0.088  K
2457918.00318 15.905 0.068  K
2457918.89893 16.033 0.076  K
2457918.98525 16.125 0.093  K
2457920.94228 15.986 0.072  K
2457920.94359 16.036 0.075  K
2457920.94490 15.995 0.070  K
2457924.96332 16.054 0.106  K
2457925.90995 15.904 0.067  K
2457925.91127 15.922 0.067  K
2457925.91258 16.001 0.072  K
2457926.86267 16.086 0.078  K
2457926.90131 16.013 0.075  K
2457926.95089 15.896 0.079  K
2457927.89580 15.887 0.087  K
2457927.98191 15.822 0.081  K
2457928.86797 16.120 0.100  K
2457928.91055 16.062 0.081  K
2457928.96143 15.963 0.074  K
2457929.85946 16.004 0.079  K
2457929.90477 15.979 0.073  K
2457929.95481 15.990 0.076  K
2457930.86754 16.040 0.078  K
2457930.95400 16.119 0.096  K
2457931.91096 15.970 0.092  K
2457931.95345 16.023 0.088  K
2457932.95222 16.056 0.113  K
2457933.92833 16.005 0.087  K
2457934.83955 15.971 0.095  K
2457934.87804 15.999 0.081  K
2457934.92168 16.023 0.080  K
2457936.87298 15.990 0.099  K
2457936.95823 16.088 0.087  K
2457937.83615 15.910 0.067  K
2457937.87534 15.884 0.066  K
2457937.92775 15.868 0.067  K
2457944.87356 16.054 0.080  K
2457944.92679 16.046 0.102  K
2457945.87464 15.907 0.073  K
2457945.95981 16.029 0.087  K
2457947.89234 16.030 0.097  K
2457949.82977 15.935 0.098  K
2457949.87058 15.994 0.090  K
2457949.91430 15.996 0.100  K
2457950.81431 15.850 0.066  K
2457950.85880 15.988 0.072  K
2457950.90239 16.011 0.091  K
2457951.80962 16.001 0.075  K
2457951.89565 15.976 0.104  K
2457952.87670 15.880 0.079  K
2457952.87802 15.841 0.081  K
2457952.87933 15.829 0.078  K
2457953.86193 15.858 0.067  K
2457953.90504 15.762 0.071  K
2457953.94992 15.878 0.082  K
2457954.78928 15.956 0.097  K
2457954.87100 15.971 0.099  K
2457955.80564 16.009 0.091  K
2457955.84408 15.947 0.080  K
2457955.88753 16.020 0.102  K
2457958.78219 15.721 0.068  K
2457958.82062 15.803 0.065  K
2457958.86845 15.780 0.076  K
2457959.78211 15.848 0.099  K
2457959.82374 15.790 0.099  K
2457959.86822 15.782 0.093  K
2457960.78572 15.743 0.087  K
2457960.88231 15.764 0.092  K
2457961.78109 15.695 0.067  K
2457961.82620 15.663 0.069  K
2457961.87330 15.792 0.088  K
2457964.78000 15.556 0.055  K
2457964.82429 15.599 0.058  K
2457964.86815 15.543 0.060  K
2457965.76700 15.568 0.074  K
2457965.86087 15.497 0.103  K
2457966.77355 15.438 0.076  K
2457966.85778 15.429 0.081  K
2457967.80961 15.317 0.046  K
2457970.77771 14.929 0.066  K
2457970.82545 14.955 0.057  K
2457970.88041 14.901 0.047  K
2457971.77593 14.899 0.043  K
2457971.81544 14.844 0.059  K
2457971.86619 14.895 0.058  K
2457972.76550 15.143 0.057  K
2457972.84865 15.171 0.047  K
2457974.84079 15.067 0.068  K
2457976.77136 14.682 0.040  K
2457976.82069 14.719 0.046  K
2457976.86873 14.687 0.034  K
2457977.76488 14.667 0.043  K
2457977.81081 14.640 0.039  K
2457977.85441 14.661 0.030  K
2457978.76120 14.652 0.035  K
2457978.85098 14.632 0.039  K
2457979.79570 14.778 0.034  K
2457979.79699 14.767 0.039  K
2457979.79830 14.784 0.040  K
2457980.76072 14.928 0.050  K
2457980.79975 14.887 0.060  K
2457980.84806 14.904 0.035  K
2457981.76562 15.100 0.066  K
2457981.85346 15.013 0.036  K
2457982.76393 15.154 0.063  K
2457982.80258 15.118 0.073  K
2457982.85163 15.169 0.066  K
2457983.75775 15.253 0.063  K
2457983.79635 15.145 0.039  K
2457983.84495 15.119 0.043  K
2457985.79797 15.168 0.068  K
2457985.86031 15.243 0.056  K
2457988.75664 15.354 0.081  K
2457988.83064 15.393 0.096  K
2457989.75565 15.506 0.066  K
2457990.75661 15.459 0.056  K
2457990.82280 15.501 0.065  K
2457991.75754 15.483 0.058  K
2457991.82316 15.570 0.065  K
2457992.75705 15.657 0.066  K
2457992.83045 15.559 0.053  K
2457993.80340 15.740 0.082  K
2458222.05155 16.052 0.103  K
2458222.12387 15.902 0.067  K
2458236.10666 15.893 0.105  K
2458236.10796 15.855 0.100  K
2458253.96636 16.112 0.109  K
2458254.05186 16.049 0.091  K
2458254.97790 16.056 0.105  K
2458255.05486 16.111 0.113  K
2458257.01940 16.095 0.115  K
2458257.06447 16.094 0.115  K
2458260.01363 16.126 0.107  K
2458260.05841 15.993 0.110  K
2458260.96013 16.070 0.091  K
2458261.03583 15.959 0.080  K
2458261.95856 16.088 0.102  K
2458262.04151 16.080 0.092  K
2458263.01940 16.082 0.102  K
2458263.02069 16.053 0.092  K
2458263.02202 16.030 0.098  K
2458264.01373 15.799 0.138  K
2458264.96673 15.975 0.165  K
2458265.00194 15.932 0.130  K
2458265.04543 16.071 0.092  K
2458266.00964 16.130 0.098  K
2458271.94368 16.093 0.115  K
2458273.02306 16.067 0.118  K
2458279.89578 16.059 0.096  K
2458279.97390 16.023 0.079  K
2458282.89429 16.125 0.090  K
2458282.97055 16.027 0.075  K
2458284.91134 16.050 0.085  K
2458284.98190 16.011 0.092  K
2458290.92073 16.028 0.088  K
2458290.92203 15.973 0.085  K
2458290.92334 16.054 0.085  K
2458292.88591 16.117 0.103  K
2458292.95585 16.025 0.099  K
2458293.84890 16.170 0.097  K
2458294.88931 16.114 0.106  K
2458294.97027 16.023 0.087  K
2458298.86954 16.055 0.094  K
2458298.94137 16.141 0.103  K
2458300.90244 16.084 0.084  K
2458303.93151 16.130 0.108  K
2458304.88994 15.975 0.083  K
2458304.96265 15.937 0.076  K
2458305.85252 16.076 0.098  K
2458305.93950 16.101 0.092  K
2458307.89531 15.942 0.086  K
2458307.89662 16.061 0.088  K
2458307.89794 16.025 0.086  K
2458308.88335 16.066 0.119  K
2458309.91167 15.993 0.087  K
2458310.85488 16.309 0.230  K
2458310.88305 16.098 0.108  K
2458310.93448 16.112 0.114  K
2458312.82920 16.238 0.175  K
2458315.86268 16.003 0.084  K
2458315.93864 16.145 0.113  K
2458321.89369 16.057 0.080  K
2458327.82538 16.068 0.083  K
2458327.90548 16.168 0.100  K
2458329.82881 15.781 0.155  K
2458330.84663 16.271 0.112  K
2458335.82604 16.132 0.094  K
2458335.85336 16.181 0.105  K
2458336.75655 16.045 0.103  K
2458336.83462 16.039 0.081  K
2457865.06189 17.253 0.068  H
2457880.03657 17.139 0.067  H
2457891.99331 17.294 0.110  H
2457895.03508 17.243 0.087  H
2457897.99758 17.255 0.086  H
2457918.93673 17.244 0.090  H
2457924.91954 17.015 0.077  H
2457927.93433 17.225 0.067  H
2457936.91502 17.221 0.087  H
2457945.91264 17.256 0.098  H
2457951.85198 17.212 0.083  H
2457954.82714 17.068 0.062  H
2457960.83433 17.020 0.065  H
2457966.81381 16.761 0.058  H
2457972.80540 16.261 0.041  H
2457978.80024 16.021 0.035  H
2457981.80375 16.353 0.065  H
2458222.07898 17.072 0.086  H
2458234.11128 17.160 0.100  H
2458260.99132 17.281 0.079  H
2458263.96885 17.044 0.100  H
2458279.92347 17.143 0.073  H
2458282.92290 17.210 0.089  H
2458294.92480 17.219 0.074  H
2458300.93783 17.252 0.079  H
2458309.86141 17.193 0.067  H
2458315.89226 17.221 0.079  H
2458321.84607 17.305 0.090  H
2458327.85576 17.268 0.072  H
2458330.79803 17.219 0.083  H
2458336.78368 17.174 0.065  H
