2457879.01641 16.385 0.119  H
2457884.01898 16.260 0.122  H
2457890.97890 16.299 0.133  H
2457894.96781 16.370 0.322  H
2457900.97555 16.203 0.125  H
2457927.92094 16.287 0.109  H
2457929.88425 16.138 0.105  H
2457931.93974 16.116 0.101  H
2457934.86446 16.096 0.095  H
2457937.86145 16.024 0.093  H
2457939.86941 15.920 0.102  H
2457944.91314 15.608 0.069  H
2457945.89921 15.541 0.066  H
2457949.85496 15.439 0.064  H
2457950.84241 15.339 0.068  H
2457951.83623 15.288 0.063  H
2457953.89142 15.379 0.079  H
2457954.81381 15.537 0.075  H
2457955.83051 15.602 0.074  H
2457958.80705 15.835 0.085  H
2457959.81025 16.098 0.102  H
2457960.81804 16.031 0.094  H
2457964.80731 16.053 0.086  H
2457965.79258 16.332 0.177  H
2457972.79215 16.288 0.115  H
2457974.87470 16.233 0.148  H
2457976.80707 16.171 0.111  H
2457978.78600 16.228 0.094  H
2457982.78899 16.314 0.162  H
2457985.83947 15.904 0.079  H
2457985.84108 15.968 0.081  H
2457985.84310 16.014 0.085  H
2457988.78656 16.371 0.141  H
2457991.78789 16.297 0.119  H
2458264.98819 16.260 0.169  H
2458333.79018 16.351 0.159  H
2458590.05569 16.251 0.122  H
2458601.04128 16.219 0.122  H
2458605.03847 16.284 0.122  H
2458606.03942 16.478 0.154  H
2458612.04682 16.240 0.126  H
2458629.97806 16.264 0.130  H
2458637.93387 16.222 0.149  H
2458644.91368 16.359 0.137  H
2458715.77044 16.387 0.140  H
