2458590.04194 15.114 0.039  K
2458590.07106 15.163 0.040  K
2458590.11893 15.138 0.041  K
2458591.05344 15.228 0.061  K
2458591.08100 15.196 0.055  K
2458591.13514 15.258 0.063  K
2458592.05768 15.218 0.075  K
2458592.12869 15.255 0.069  K
2458593.05322 15.254 0.059  K
2458593.08162 15.188 0.056  K
2458593.12597 15.210 0.071  K
2458594.05261 15.152 0.042  K
2458594.08052 15.215 0.092  K
2458594.12471 15.152 0.047  K
2458595.04915 15.101 0.051  K
2458595.12101 15.178 0.053  K
2458599.03380 15.125 0.048  K
2458599.06192 15.047 0.058  K
2458599.11332 15.141 0.043  K
2458600.03418 15.133 0.055  K
2458600.06191 15.140 0.055  K
2458600.11352 15.127 0.047  K
2458601.02889 15.202 0.062  K
2458601.11295 15.151 0.050  K
2458605.02359 15.086 0.038  K
2458605.05382 15.080 0.038  K
2458605.09795 15.097 0.041  K
2458606.02700 15.133 0.043  K
2458606.06073 15.090 0.040  K
2458606.10908 15.192 0.059  K
2458607.01240 15.162 0.054  K
2458607.10170 15.139 0.043  K
2458611.02200 15.103 0.053  K
2458611.05030 15.152 0.066  K
2458611.09926 15.168 0.067  K
2458612.03409 15.045 0.039  K
2458612.06263 15.025 0.039  K
2458612.11453 15.064 0.046  K
2458613.02460 15.096 0.063  K
2458613.11039 15.134 0.051  K
2458614.00363 15.048 0.042  K
2458614.03202 15.119 0.056  K
2458614.08139 15.097 0.044  K
2458614.98764 15.053 0.042  K
2458615.01606 15.064 0.053  K
2458615.06405 15.147 0.053  K
2458615.98900 15.038 0.039  K
2458616.06499 15.067 0.043  K
2458616.97953 15.094 0.058  K
2458617.00727 15.110 0.064  K
2458617.05677 15.093 0.062  K
2458618.02373 15.134 0.067  K
2458618.02506 15.079 0.057  K
2458618.02639 15.079 0.060  K
2458618.96558 15.056 0.054  K
2458619.04198 15.041 0.050  K
2458619.98151 15.074 0.039  K
2458620.00933 15.106 0.043  K
2458620.06335 15.027 0.039  K
2458620.98526 15.085 0.048  K
2458621.01344 15.069 0.049  K
2458621.06388 15.084 0.041  K
2458621.98565 15.081 0.055  K
2458622.07072 15.053 0.060  K
2458623.02094 15.099 0.054  K
2458623.03182 15.060 0.050  K
2458623.03314 15.040 0.048  K
2458626.99669 14.977 0.040  K
2458627.02509 15.005 0.040  K
2458627.07430 14.978 0.052  K
2458627.97450 15.027 0.044  K
2458628.00306 15.051 0.055  K
2458628.05512 15.052 0.055  K
2458628.99292 15.059 0.050  K
2458629.07367 15.049 0.050  K
2458629.96540 15.026 0.064  K
2458629.99345 15.060 0.052  K
2458630.04207 15.015 0.067  K
2458630.98315 14.923 0.035  K
2458630.98448 14.945 0.038  K
2458630.98581 14.953 0.036  K
2458631.96613 14.957 0.038  K
2458632.04671 15.010 0.039  K
2458632.93366 14.950 0.038  K
2458632.96378 14.976 0.040  K
2458633.00995 14.937 0.042  K
2458633.92578 15.015 0.048  K
2458633.95503 14.966 0.113  K
2458634.00318 15.169 0.141  K
2458634.94594 14.990 0.054  K
2458635.02653 14.975 0.055  K
2458635.97255 14.926 0.041  K
2458635.97388 14.960 0.041  K
2458635.97520 14.975 0.040  K
2458636.93137 14.964 0.038  K
2458636.95958 14.925 0.038  K
2458637.01023 14.902 0.036  K
2458637.91746 15.006 0.052  K
2458637.99337 14.912 0.042  K
2458639.94591 14.895 0.043  K
2458639.97475 14.971 0.059  K
2458640.04647 14.892 0.044  K
2458641.95312 14.935 0.044  K
2458641.98146 14.918 0.045  K
2458642.91020 14.924 0.054  K
2458642.94864 14.891 0.050  K
2458642.99299 14.891 0.052  K
2458644.01468 14.865 0.036  K
2458644.90033 14.871 0.048  K
2458644.92891 14.870 0.050  K
2458644.97744 14.873 0.041  K
2458645.93972 14.849 0.040  K
2458645.94113 14.897 0.045  K
2458645.94244 14.868 0.050  K
2458646.90376 14.799 0.034  K
2458646.98448 14.782 0.041  K
2458647.92605 14.798 0.036  K
2458647.95414 14.811 0.037  K
2458648.00528 14.814 0.036  K
2458648.91664 14.765 0.040  K
2458648.94464 14.757 0.034  K
2458648.99559 14.722 0.042  K
2458649.90458 14.814 0.061  K
2458649.98130 14.790 0.044  K
2458653.89469 14.762 0.046  K
2458653.92244 14.726 0.043  K
2458654.89374 14.742 0.041  K
2458654.92153 14.713 0.033  K
2458654.97132 14.708 0.039  K
2458655.90163 14.737 0.053  K
2458656.89437 14.755 0.046  K
2458659.88888 14.741 0.047  K
2458659.91665 14.766 0.048  K
2458659.96544 14.784 0.079  K
2458660.88250 14.745 0.041  K
2458660.91576 14.690 0.038  K
2458660.96015 14.693 0.059  K
2458662.96235 14.747 0.036  K
2458662.96369 14.751 0.046  K
2458662.96501 14.720 0.050  K
2458664.83269 14.677 0.036  K
2458664.90870 14.677 0.032  K
2458664.95511 14.632 0.032  K
2458664.98290 14.662 0.032  K
2458665.84180 14.716 0.038  K
2458665.86994 14.720 0.047  K
2458665.92299 14.729 0.034  K
2458666.83509 14.690 0.041  K
2458666.86316 14.680 0.034  K
2458666.91140 14.708 0.033  K
2458666.95441 14.657 0.032  K
2458666.98236 14.686 0.034  K
2458667.83000 14.690 0.040  K
2458667.91448 14.699 0.033  K
2458667.95763 14.647 0.033  K
2458667.98593 14.688 0.032  K
2458668.84481 14.722 0.048  K
2458668.87296 14.718 0.047  K
2458668.92244 14.731 0.052  K
2458669.88352 14.717 0.038  K
2458669.91174 14.672 0.037  K
2458669.95935 14.712 0.034  K
2458671.85581 14.725 0.050  K
2458671.88358 14.736 0.039  K
2458671.93222 14.696 0.032  K
2458672.90185 13.563 0.047  K
2458672.90319 13.633 0.030  K
2458672.90452 13.491 0.035  K
2458674.82746 13.884 0.027  K
2458674.85927 13.877 0.034  K
2458674.95252 13.900 0.034  K
2458675.79982 13.934 0.041  K
2458675.83208 13.918 0.030  K
2458675.88420 13.922 0.034  K
2458676.80917 13.918 0.029  K
2458676.88534 13.896 0.033  K
2458677.87964 13.940 0.038  K
2458677.88097 13.921 0.034  K
2458677.88237 13.914 0.052  K
2458680.87214 13.449 0.024  K
2458680.90025 13.421 0.029  K
2458680.94887 13.414 0.029  K
2458708.79344 15.045 0.051  K
2458708.86146 14.978 0.051  K
2458709.76380 15.062 0.070  K
2458709.79221 15.095 0.061  K
2458709.83939 15.075 0.053  K
2458710.79360 15.032 0.042  K
2458710.84499 15.032 0.044  K
2458711.82296 15.019 0.049  K
2458711.85595 15.090 0.050  K
2458712.79606 15.133 0.086  K
2458713.85552 15.107 0.063  K
2458714.75141 15.098 0.056  K
2458714.78702 15.078 0.055  K
2458715.75131 15.107 0.066  K
2458715.78585 15.124 0.064  K
2458715.83744 15.086 0.082  K
2458716.82858 15.084 0.058  K
2458717.79964 15.189 0.064  K
2458717.83340 15.125 0.057  K
2458718.77075 15.096 0.044  K
2458718.80521 15.225 0.083  K
2458718.84971 15.085 0.050  K
2458719.76755 15.155 0.047  K
2458719.80162 15.157 0.051  K
2458719.84628 15.160 0.065  K
2458721.76494 15.483 0.142  K
2458721.79959 15.190 0.127  K
2458721.84516 15.115 0.063  K
2458722.81693 15.204 0.063  K
2458724.76535 15.215 0.085  K
2458724.79944 15.178 0.051  K
2458733.77597 15.321 0.119  K
2458734.76664 15.238 0.081  K
2458734.80240 15.266 0.084  K
2458736.73402 15.204 0.077  K
2458736.76588 15.209 0.060  K
2457864.03017 15.185 0.052  K
2457864.06910 15.289 0.054  K
2457864.11488 15.175 0.045  K
2457865.02480 15.140 0.043  K
2457865.10653 15.280 0.072  K
2457878.02226 15.167 0.061  K
2457878.06672 15.207 0.091  K
2457878.11042 15.196 0.068  K
2457878.99168 15.180 0.069  K
2457879.03143 15.135 0.040  K
2457879.08259 15.123 0.040  K
2457879.99945 15.163 0.054  K
2457880.08963 15.145 0.059  K
2457880.99288 15.158 0.054  K
2457881.03551 15.141 0.047  K
2457881.07935 15.141 0.039  K
2457882.02407 15.136 0.053  K
2457882.02537 15.168 0.043  K
2457882.02666 15.151 0.047  K
2457882.97856 15.235 0.079  K
2457883.06405 15.150 0.062  K
2457883.99461 15.288 0.056  K
2457884.03437 15.259 0.059  K
2457884.08555 15.139 0.045  K
2457885.01051 15.160 0.050  K
2457885.05063 15.222 0.066  K
2457885.10064 15.174 0.056  K
2457886.00362 15.221 0.060  K
2457886.09369 15.310 0.088  K
2457887.02874 15.259 0.082  K
2457887.03005 15.216 0.070  K
2457887.03135 15.281 0.087  K
2457890.95448 15.151 0.044  K
2457890.99610 15.167 0.050  K
2457891.95622 15.154 0.059  K
2457892.04458 15.124 0.049  K
2457892.95926 15.216 0.071  K
2457892.99783 15.271 0.067  K
2457893.04940 15.274 0.085  K
2457893.98871 15.155 0.050  K
2457893.99000 15.167 0.049  K
2457893.99130 15.164 0.055  K
2457894.94411 15.139 0.050  K
2457895.08002 15.149 0.064  K
2457897.96108 15.189 0.059  K
2457898.04294 15.268 0.055  K
2457899.02939 15.142 0.061  K
2457899.03069 15.131 0.053  K
2457899.03199 15.157 0.057  K
2457899.97409 15.185 0.050  K
2457900.01320 15.270 0.055  K
2457900.06306 15.177 0.064  K
2457900.95212 15.163 0.057  K
2457901.03896 15.244 0.065  K
2457901.96144 15.166 0.043  K
2457902.00885 15.154 0.056  K
2457902.06225 15.149 0.055  K
2457902.95148 15.210 0.054  K
2457903.93390 15.196 0.067  K
2457904.03132 15.162 0.056  K
2457904.95570 15.154 0.052  K
2457904.99431 15.210 0.056  K
2457905.04344 15.154 0.054  K
2457905.93248 15.160 0.045  K
2457905.97101 15.160 0.055  K
2457906.02524 15.125 0.039  K
2457907.94060 15.226 0.066  K
2457907.97906 15.175 0.049  K
2457908.03112 15.226 0.059  K
2457909.91758 15.187 0.068  K
2457910.00573 15.206 0.077  K
2457910.90129 15.165 0.057  K
2457910.93991 15.232 0.057  K
2457910.99503 15.149 0.072  K
2457911.93858 15.140 0.043  K
2457911.97716 15.185 0.061  K
2457912.90448 15.147 0.066  K
2457912.98590 15.231 0.070  K
2457916.91569 15.141 0.039  K
2457916.96003 15.151 0.055  K
2457917.00986 15.170 0.048  K
2457917.91291 15.149 0.050  K
2457917.95670 15.189 0.054  K
2457918.00453 15.168 0.062  K
2457918.90026 15.156 0.050  K
2457918.98660 15.170 0.052  K
2457920.94622 15.300 0.054  K
2457920.94752 15.240 0.059  K
2457920.94881 15.236 0.058  K
2457924.88102 15.259 0.066  K
2457924.96464 15.191 0.064  K
2457925.91392 15.249 0.054  K
2457925.91522 15.152 0.054  K
2457925.92054 15.146 0.046  K
2457926.86402 15.162 0.067  K
2457926.90264 15.246 0.056  K
2457926.95224 15.142 0.045  K
2457927.89712 15.141 0.052  K
2457927.98325 15.124 0.055  K
2457928.86929 15.217 0.086  K
2457928.91188 15.175 0.055  K
2457928.96276 15.150 0.054  K
2457929.86078 15.176 0.051  K
2457929.90610 15.168 0.044  K
2457929.95613 15.186 0.059  K
2457930.86887 15.174 0.052  K
2457930.95532 15.179 0.051  K
2457931.91228 15.130 0.039  K
2457931.95477 15.159 0.074  K
2457932.86084 15.193 0.064  K
2457932.90562 15.227 0.076  K
2457932.95355 15.272 0.083  K
2457933.84276 15.232 0.094  K
2457933.92966 15.251 0.061  K
2457934.84089 15.185 0.044  K
2457934.87937 15.183 0.057  K
2457934.92302 15.251 0.048  K
2457935.88924 15.258 0.066  K
2457935.89053 15.228 0.082  K
2457935.89183 15.197 0.084  K
2457936.87433 15.202 0.074  K
2457936.95956 15.202 0.077  K
2457937.83751 15.137 0.062  K
2457937.87667 15.269 0.064  K
2457937.92908 15.159 0.047  K
2457939.84631 15.302 0.112  K
2457939.93208 15.248 0.097  K
2457944.87490 15.178 0.059  K
2457944.92813 15.198 0.059  K
2457945.87598 15.201 0.066  K
2457945.96114 15.317 0.069  K
2457947.89496 15.232 0.075  K
2457947.89625 15.189 0.072  K
2457947.89755 15.217 0.060  K
2457948.81274 15.257 0.093  K
2457949.83110 15.252 0.059  K
2457949.87190 15.235 0.080  K
2457949.91563 15.270 0.075  K
2457950.81562 15.172 0.056  K
2457950.86012 15.154 0.055  K
2457950.90373 15.185 0.067  K
2457951.81097 15.177 0.044  K
2457951.89697 15.230 0.066  K
2457952.88065 15.163 0.042  K
2457952.88196 15.156 0.040  K
2457952.88333 15.134 0.039  K
2457953.86325 15.169 0.045  K
2457953.90636 15.150 0.059  K
2457953.95127 15.180 0.068  K
2457954.79061 15.176 0.059  K
2457954.87234 15.203 0.051  K
2457955.80697 15.225 0.058  K
2457955.84539 15.188 0.055  K
2457955.88888 15.188 0.061  K
2457957.78748 15.232 0.090  K
2457957.87191 15.265 0.076  K
2457958.78351 15.140 0.049  K
2457958.82194 15.159 0.049  K
2457958.86979 15.230 0.043  K
2457959.78350 15.228 0.082  K
2457959.82505 15.211 0.085  K
2457959.86955 15.266 0.072  K
2457960.78704 15.238 0.070  K
2457960.88364 15.214 0.091  K
2457961.78242 15.265 0.073  K
2457961.82753 15.314 0.062  K
2457961.87786 15.283 0.063  K
2457964.78134 15.253 0.063  K
2457964.82563 15.188 0.046  K
2457964.86947 15.212 0.066  K
2457965.76834 15.204 0.082  K
2457965.81861 15.200 0.083  K
2457965.86219 15.299 0.139  K
2457966.77489 15.233 0.074  K
2457966.85912 15.181 0.073  K
2457967.81093 15.176 0.049  K
2457967.81224 15.161 0.043  K
2457967.81353 15.153 0.045  K
2457970.77902 15.289 0.073  K
2457970.82677 15.242 0.075  K
2457970.88174 15.277 0.065  K
2457971.77726 15.215 0.052  K
2457971.81677 15.236 0.074  K
2457971.86751 15.290 0.073  K
2457972.76682 15.205 0.057  K
2457972.84997 15.189 0.091  K
2457974.84211 15.239 0.075  K
2457976.77268 15.137 0.042  K
2457976.82202 15.137 0.044  K
2457976.87202 15.133 0.040  K
2457977.76621 15.157 0.044  K
2457977.81213 15.143 0.052  K
2457977.85575 15.151 0.045  K
2457978.85229 15.142 0.046  K
2457979.79962 15.275 0.068  K
2457979.80092 15.250 0.046  K
2457979.80221 15.251 0.065  K
2457980.76205 15.233 0.066  K
2457980.80106 15.191 0.063  K
2457981.76693 15.012 0.077  K
2457981.85480 15.176 0.054  K
2457982.76525 15.241 0.095  K
2457982.80391 15.277 0.077  K
2457982.85296 15.245 0.069  K
2457983.75907 15.219 0.080  K
2457983.79769 15.257 0.061  K
2457983.84627 15.216 0.053  K
2457985.79953 15.259 0.073  K
2457985.86206 15.262 0.056  K
2457988.75796 15.227 0.067  K
2457988.83229 15.270 0.072  K
2457989.75696 15.180 0.070  K
2457990.75793 15.162 0.049  K
2457991.75886 15.136 0.041  K
2457992.75837 15.159 0.048  K
2457992.83179 15.173 0.051  K
2457993.80473 15.226 0.059  K
2458222.05291 15.274 0.072  K
2458222.12523 15.295 0.074  K
2458234.07645 15.256 0.075  K
2458236.11265 15.217 0.072  K
2458236.11401 15.232 0.066  K
2458236.11546 15.248 0.082  K
2458253.96771 15.135 0.077  K
2458253.99554 15.189 0.075  K
2458254.05320 15.148 0.058  K
2458254.97924 15.191 0.077  K
2458256.99279 15.194 0.079  K
2458257.02073 15.173 0.075  K
2458257.06583 15.228 0.081  K
2458257.97048 15.222 0.091  K
2458258.05283 15.259 0.090  K
2458258.98985 15.262 0.077  K
2458259.01756 15.241 0.089  K
2458259.06677 15.261 0.082  K
2458259.98707 15.237 0.068  K
2458260.01500 15.223 0.077  K
2458260.05977 15.243 0.072  K
2458260.96150 15.157 0.050  K
2458261.03719 15.169 0.057  K
2458261.95991 15.212 0.069  K
2458261.98834 15.271 0.086  K
2458262.04287 15.199 0.075  K
2458263.02336 15.258 0.073  K
2458263.02467 15.258 0.070  K
2458263.02596 15.189 0.077  K
2458263.94305 15.269 0.078  K
2458264.01506 15.232 0.070  K
2458264.96806 15.353 0.084  K
2458265.00329 15.177 0.077  K
2458265.04678 15.186 0.072  K
2458265.97805 15.186 0.077  K
2458266.01096 15.184 0.061  K
2458266.05726 15.215 0.077  K
2458266.92896 15.292 0.085  K
2458266.99934 15.205 0.077  K
2458271.94503 15.241 0.082  K
2458271.97385 15.261 0.085  K
2458272.99003 15.213 0.096  K
2458273.02442 15.261 0.079  K
2458273.06862 15.246 0.082  K
2458273.94149 15.235 0.080  K
2458274.01273 15.225 0.084  K
2458274.91536 15.288 0.090  K
2458274.94881 15.228 0.097  K
2458274.99382 15.232 0.094  K
2458275.97190 15.213 0.083  K
2458275.97318 15.249 0.078  K
2458275.97448 15.296 0.080  K
2458279.89710 15.197 0.054  K
2458279.97523 15.137 0.045  K
2458281.91146 15.216 0.071  K
2458281.97806 15.198 0.066  K
2458282.89564 15.200 0.061  K
2458282.97192 15.140 0.041  K
2458283.89974 15.282 0.081  K
2458283.97088 15.175 0.054  K
2458284.91266 15.171 0.062  K
2458284.98322 15.161 0.046  K
2458285.91031 15.188 0.064  K
2458285.99466 15.265 0.090  K
2458286.91701 15.247 0.082  K
2458286.98767 15.145 0.061  K
2458290.92467 15.157 0.050  K
2458290.92598 15.144 0.061  K
2458290.92729 15.138 0.052  K
2458291.89108 15.247 0.078  K
2458291.96677 15.261 0.133  K
2458292.95719 15.175 0.064  K
2458293.85023 15.150 0.073  K
2458293.92366 15.252 0.106  K
2458294.89064 15.207 0.067  K
2458294.97160 15.195 0.073  K
2458298.87090 15.189 0.060  K
2458298.94274 15.164 0.071  K
2458299.88498 15.184 0.070  K
2458299.95726 15.242 0.089  K
2458300.90378 15.159 0.062  K
2458300.98661 15.173 0.069  K
2458303.93286 15.198 0.064  K
2458304.89127 15.179 0.050  K
2458304.96399 15.162 0.054  K
2458305.85385 15.197 0.065  K
2458305.88150 15.197 0.066  K
2458305.94083 15.176 0.052  K
2458307.89927 15.211 0.068  K
2458307.90056 15.165 0.058  K
2458307.90188 15.258 0.070  K
2458308.85737 15.206 0.077  K
2458308.88469 15.270 0.084  K
2458308.93228 15.235 0.086  K
2458309.83181 15.227 0.069  K
2458309.91300 15.166 0.052  K
2458310.85621 15.341 0.100  K
2458310.88436 15.194 0.049  K
2458310.93581 15.164 0.059  K
2458311.85958 15.259 0.071  K
2458311.88777 15.219 0.075  K
2458311.93754 15.264 0.093  K
2458312.83054 15.193 0.063  K
2458312.91069 15.222 0.085  K
2458315.86403 15.154 0.053  K
2458315.93996 15.218 0.065  K
2458316.87021 15.200 0.108  K
2458316.89923 15.242 0.103  K
2458316.94898 15.239 0.098  K
2458317.94575 15.260 0.137  K
2458317.94706 15.471 0.181  K
2458319.91282 15.045 0.101  K
2458321.82031 15.217 0.071  K
2458321.89501 15.258 0.062  K
2458327.82672 15.157 0.044  K
2458327.90680 15.159 0.067  K
2458328.77494 15.247 0.088  K
2458328.80792 15.236 0.075  K
2458328.85192 15.226 0.075  K
2458329.83146 15.347 0.122  K
2458329.83276 15.236 0.100  K
2458329.83407 15.253 0.083  K
2458330.76893 15.241 0.086  K
2458330.84795 15.210 0.056  K
2458331.76947 15.218 0.130  K
2458331.85225 15.234 0.098  K
2458332.80151 15.244 0.131  K
2458333.77772 15.238 0.079  K
2458335.82738 15.192 0.061  K
2458335.85467 15.280 0.071  K
2458336.75788 15.335 0.058  K
2458336.83595 15.173 0.055  K
2458592.08478 16.494 0.072  H
2458595.07682 16.441 0.049  H
2458601.06503 16.589 0.090  H
2458607.05168 16.484 0.064  H
2458613.05312 16.417 0.055  H
2458616.01680 16.412 0.049  H
2458618.99320 16.449 0.069  H
2458622.01415 16.596 0.089  H
2458629.02133 16.358 0.060  H
2458631.99385 16.276 0.048  H
2458634.97437 16.300 0.067  H
2458637.94935 16.337 0.062  H
2458643.96867 16.167 0.046  H
2458646.94018 16.159 0.046  H
2458649.93323 16.132 0.062  H
2458664.86101 16.054 0.045  H
2458667.85786 15.985 0.041  H
2458676.83727 15.266 0.035  H
2457865.06321 16.595 0.042  H
2457880.03790 16.821 0.055  H
2457886.04936 16.522 0.059  H
2457891.99464 16.496 0.051  H
2457895.03643 16.541 0.048  H
2457897.99893 16.549 0.051  H
2457900.99047 16.506 0.058  H
2457903.97882 16.547 0.064  H
2457909.95913 16.565 0.057  H
2457912.94231 16.576 0.066  H
2457918.93806 16.568 0.052  H
2457924.92146 16.538 0.051  H
2457927.93567 16.504 0.041  H
2457930.91208 16.616 0.057  H
2457933.88132 16.510 0.059  H
2457936.91635 16.521 0.062  H
2457939.88813 16.564 0.068  H
2457945.91396 16.587 0.066  H
2457951.85331 16.504 0.045  H
2457954.82847 16.548 0.042  H
2457957.82851 16.497 0.067  H
2457960.83566 16.543 0.062  H
2457972.80672 16.568 0.047  H
2457978.80158 16.518 0.045  H
2457981.80507 16.567 0.058  H
2458222.08032 16.582 0.048  H
2458234.11259 16.533 0.058  H
2458255.00699 16.517 0.065  H
2458257.99827 16.563 0.059  H
2458260.99267 16.540 0.051  H
2458263.97018 16.577 0.071  H
2458266.95614 16.504 0.085  H
2458273.96860 16.588 0.115  H
2458279.92480 16.469 0.051  H
2458282.92426 16.546 0.054  H
2458285.94488 16.507 0.054  H
2458291.92252 16.556 0.070  H
2458294.92612 16.593 0.065  H
2458300.93916 16.479 0.050  H
2458303.96040 16.928 0.200  H
2458309.86273 16.630 0.060  H
2458312.85759 16.534 0.062  H
2458315.89361 16.477 0.056  H
2458321.84739 16.478 0.058  H
2458327.85710 16.554 0.055  H
2458330.79935 16.559 0.066  H
2458333.80994 16.505 0.062  H
2458336.78501 16.569 0.056  H
