2457864.08531 15.398 0.033  H
2457865.07925 15.390 0.033  H
2457878.08296 15.430 0.054  H
2457879.05531 15.371 0.031  H
2457880.06226 15.361 0.031  H
2457881.05207 15.367 0.034  H
2457883.03672 15.430 0.046  H
2457884.05060 15.382 0.033  H
2457885.06779 15.364 0.030  H
2457886.06537 15.383 0.035  H
2457891.01238 15.360 0.032  H
2457892.01723 15.371 0.034  H
2457893.02213 15.419 0.037  H
2457895.05277 15.362 0.032  H
2457898.01495 15.349 0.032  H
2457900.03576 15.376 0.033  H
2457901.01111 15.400 0.041  H
2457902.03474 15.347 0.032  H
2457905.01062 15.386 0.037  H
2457908.00396 15.360 0.034  H
2457909.97525 15.358 0.034  H
2457910.96785 15.321 0.032  H
2457912.95880 15.339 0.035  H
2457916.97641 15.300 0.031  H
2457917.97309 15.298 0.032  H
2457918.95913 15.312 0.034  H
2457924.93756 15.285 0.036  H
2457926.91899 15.228 0.029  H
2457927.95562 15.240 0.032  H
2457928.92888 15.251 0.031  H
2457929.92888 15.239 0.030  H
2457932.92224 15.227 0.041  H
2457933.90258 15.212 0.031  H
2457934.89594 15.176 0.028  H
2457936.93259 15.181 0.029  H
2457937.90169 15.141 0.028  H
2457939.90457 15.177 0.042  H
2457945.93348 15.048 0.028  H
2457948.87342 15.011 0.034  H
2457949.88856 14.995 0.027  H
2457950.87666 14.959 0.026  H
2457953.92321 14.899 0.026  H
2457954.84534 14.865 0.027  H
2457955.86185 14.866 0.032  H
2457958.84266 14.751 0.023  H
2457959.84260 14.748 0.030  H
2457960.85284 14.727 0.023  H
2457961.84765 14.712 0.024  H
2457964.84248 14.636 0.027  H
2457965.83510 14.656 0.032  H
2457966.83178 14.638 0.029  H
2457970.84334 14.601 0.031  H
2457971.83338 14.576 0.027  H
2457972.82302 14.566 0.028  H
2457974.88990 14.560 0.033  H
2457976.84263 14.484 0.021  H
2457977.82875 14.445 0.021  H
2457978.82674 14.370 0.023  H
2457980.82234 14.225 0.021  H
2457981.82148 14.041 0.020  H
2457982.82482 13.653 0.020  H
2457983.81426 13.162 0.018  H
2457988.80161 14.490 0.027  H
2457989.80160 14.547 0.055  H
2457990.80236 14.571 0.022  H
2457991.80281 14.599 0.028  H
2457992.80930 14.649 0.030  H
2457993.84897 14.666 0.024  H
2457487.11147 15.446 0.067  H
2457487.15601 15.432 0.058  H
2457488.08671 15.418 0.053  H
2457488.13278 15.434 0.055  H
2457489.09166 15.420 0.054  H
2457489.14585 15.416 0.068  H
2457490.09638 15.442 0.073  H
2457490.14569 15.428 0.057  H
2457491.10472 15.443 0.051  H
2457491.14922 15.416 0.052  H
2457492.10071 15.483 0.057  H
2457492.14540 15.468 0.051  H
2457493.09067 15.481 0.100  H
2457493.13501 15.529 0.065  H
2457494.08145 15.404 0.066  H
2457494.12568 15.403 0.060  H
2457495.08413 15.444 0.055  H
2457495.13485 15.427 0.069  H
2457496.13123 15.521 0.072  H
2457497.09027 15.554 0.074  H
2457497.13598 15.481 0.059  H
2457498.05435 15.436 0.057  H
2457498.09969 15.428 0.052  H
2457499.08555 15.503 0.066  H
2457499.12987 15.441 0.062  H
2457500.06670 15.405 0.051  H
2457500.11306 15.429 0.056  H
2457501.04840 15.459 0.069  H
2457501.09331 15.437 0.051  H
2457502.05989 15.598 0.074  H
2457502.10441 15.501 0.045  H
2457503.05470 15.454 0.058  H
2457503.09969 15.432 0.052  H
2457507.05494 15.475 0.048  H
2457507.10571 15.438 0.057  H
2457508.06756 15.476 0.053  H
2457508.11232 15.464 0.055  H
2457509.05842 15.432 0.056  H
2457509.11021 15.421 0.062  H
2457510.02978 15.428 0.052  H
2457510.13566 15.455 0.047  H
2457511.04036 15.485 0.058  H
2457512.04836 15.478 0.053  H
2457512.09690 15.453 0.060  H
2457513.02562 15.429 0.063  H
2457513.07365 15.408 0.058  H
2457515.01865 15.458 0.056  H
2457515.06418 15.442 0.063  H
2457516.01436 15.475 0.068  H
2457516.05993 15.398 0.057  H
2457517.02647 15.426 0.055  H
2457517.07018 15.491 0.059  H
2457519.04051 15.577 0.080  H
2457519.08907 15.525 0.082  H
2457520.04694 15.481 0.047  H
2457520.09193 15.520 0.064  H
2457521.04626 15.473 0.068  H
2457521.08928 15.420 0.067  H
2457523.07432 15.420 0.108  H
2457524.03788 15.454 0.053  H
2457524.10098 15.503 0.060  H
2457525.02124 15.533 0.084  H
2457526.01469 15.538 0.061  H
2457526.05907 15.426 0.059  H
2457527.01936 15.510 0.084  H
2457527.06955 15.399 0.065  H
2457527.99400 15.498 0.053  H
2457528.03906 15.460 0.050  H
2457528.99653 15.434 0.050  H
2457529.04501 15.417 0.062  H
2457529.98568 15.476 0.058  H
2457530.04359 15.465 0.062  H
2457531.02171 15.438 0.055  H
2457531.06936 15.411 0.070  H
2457532.00592 15.423 0.060  H
2457532.05311 15.398 0.068  H
2457535.05233 15.410 0.063  H
2457536.02827 15.481 0.060  H
2457536.07712 15.459 0.053  H
2457537.99386 15.474 0.066  H
2457538.08735 15.485 0.056  H
2457539.01186 15.455 0.059  H
2457539.05556 15.438 0.066  H
2457539.96375 15.596 0.056  H
2457540.01137 15.460 0.074  H
2457540.98807 15.475 0.062  H
2457541.04499 15.449 0.088  H
2457541.96461 15.463 0.054  H
2457542.01101 15.442 0.065  H
2457542.06319 15.430 0.062  H
2457542.93835 15.515 0.062  H
2457542.98697 15.520 0.063  H
2457543.03921 15.463 0.064  H
2457543.97163 15.506 0.066  H
2457544.02096 15.533 0.060  H
2457544.06853 15.676 0.122  H
2457544.93927 15.500 0.057  H
2457544.98886 15.441 0.056  H
2457545.03308 15.966 0.183  H
2457545.95349 15.449 0.052  H
2457546.00264 15.460 0.065  H
2457546.05987 15.421 0.054  H
2457546.92461 15.515 0.057  H
2457546.97142 15.434 0.060  H
2457547.01589 15.447 0.059  H
2457547.96406 15.431 0.051  H
2457548.00807 15.451 0.055  H
2457548.05559 15.426 0.054  H
2457548.97034 15.439 0.055  H
2457549.01526 15.412 0.061  H
2457549.96286 15.433 0.059  H
2457550.01471 15.432 0.052  H
2457550.94986 15.477 0.060  H
2457550.99520 15.438 0.067  H
2457551.04520 15.464 0.059  H
2457554.96075 15.503 0.084  H
2457555.00726 15.484 0.056  H
2457555.05070 15.462 0.070  H
2457555.92162 15.455 0.054  H
2457555.96519 15.431 0.054  H
2457556.01827 15.606 0.176  H
2457558.93407 15.434 0.057  H
2457558.98055 15.419 0.060  H
2457559.02866 15.459 0.050  H
2457561.92968 15.419 0.039  H
2457561.97903 15.445 0.050  H
2457562.02798 15.438 0.058  H
2457562.88217 15.429 0.054  H
2457562.93077 15.440 0.058  H
2457562.97658 15.455 0.054  H
2457563.91732 15.461 0.059  H
2457563.96125 15.486 0.051  H
2457564.91426 15.419 0.055  H
2457564.95806 15.428 0.069  H
2457565.00842 15.406 0.071  H
2457567.97947 15.597 0.081  H
2457573.85723 15.476 0.059  H
2457573.90794 15.433 0.067  H
2457573.95453 15.517 0.062  H
2457574.86919 15.499 0.057  H
2457574.91630 15.467 0.062  H
2457574.96169 15.487 0.065  H
2457575.89911 14.831 0.186  H
2457575.95494 15.416 0.056  H
2457576.86996 15.478 0.056  H
2457576.91665 15.467 0.048  H
2457576.96562 15.467 0.054  H
2457577.84573 15.492 0.058  H
2457577.89223 15.548 0.056  H
2457577.93936 15.493 0.059  H
2457511.08930 15.628 1.073  H
2458222.09675 15.421 0.038  H
2458234.13189 15.434 0.042  H
2458254.01235 15.504 0.065  H
2458255.02369 15.461 0.060  H
2458257.03812 15.476 0.063  H
2458259.03420 15.487 0.072  H
2458260.03195 15.472 0.068  H
2458261.00923 15.444 0.047  H
2458262.00496 15.464 0.067  H
2458263.98656 15.474 0.063  H
2458265.01956 15.476 0.069  H
2458266.02726 15.466 0.059  H
2458266.97222 15.484 0.092  H
2458271.99143 15.401 0.309  H
2458273.04095 15.470 0.069  H
2458273.98487 15.485 0.074  H
2458274.96554 15.531 0.092  H
2458279.94089 15.428 0.050  H
2458281.95573 15.459 0.059  H
2458282.94420 15.491 0.062  H
2458283.94830 15.487 0.064  H
2458284.96144 15.462 0.069  H
2458286.96533 15.487 0.058  H
2458291.93869 15.551 0.068  H
2458292.93505 15.458 0.059  H
2458293.90195 15.537 0.092  H
2458294.94322 15.455 0.048  H
2458298.91998 15.422 0.051  H
2458299.93229 15.473 0.061  H
2458300.95919 15.455 0.050  H
2458303.97844 15.450 0.072  H
2458304.94175 15.421 0.051  H
2458305.91344 15.457 0.051  H
2458308.90518 15.429 0.061  H
2458309.87905 15.426 0.057  H
2458310.90855 15.425 0.057  H
2458311.90954 15.485 0.069  H
2458315.90983 15.432 0.057  H
2458316.91575 15.486 0.066  H
2458319.92943 15.476 0.059  H
2458321.86785 15.448 0.049  H
2458327.87345 15.424 0.051  H
2458328.82446 15.458 0.058  H
2458330.81842 15.422 0.051  H
2458331.82301 15.447 0.067  H
2458333.82943 15.460 0.063  H
2458335.87655 15.476 0.059  H
2458336.80904 15.440 0.059  H
2458590.09165 15.425 0.040  H
2458591.10268 15.478 0.047  H
2458592.10088 15.486 0.049  H
2458593.09808 15.465 0.046  H
2458594.09693 15.453 0.048  H
2458595.09306 15.399 0.037  H
2458599.07858 15.439 0.046  H
2458600.07880 15.428 0.044  H
2458601.08250 15.433 0.040  H
2458605.07026 15.431 0.040  H
2458606.08140 15.414 0.045  H
2458607.06839 15.451 0.044  H
2458611.07093 15.456 0.069  H
2458612.08559 15.430 0.042  H
2458614.04967 15.408 0.045  H
2458615.03623 15.489 0.073  H
2458616.03709 15.436 0.037  H
2458617.02376 15.437 0.049  H
2458619.00962 15.461 0.046  H
2458620.03565 15.438 0.046  H
2458621.03608 15.445 0.065  H
2458622.03531 15.460 0.052  H
2458627.04542 15.479 0.046  H
2458628.02650 15.460 0.052  H
2458629.04496 15.439 0.050  H
2458630.01367 15.482 0.055  H
2458632.01133 15.430 0.041  H
2458632.98156 15.417 0.050  H
2458634.99883 15.422 0.042  H
2458636.98244 15.463 0.049  H
2458637.96574 15.470 0.056  H
2458639.99892 15.274 0.083  H
2458641.99838 15.445 0.051  H
2458642.96527 15.431 0.043  H
2458643.98713 15.432 0.043  H
2458644.94991 15.476 0.057  H
2458646.95670 15.389 0.034  H
2458647.97747 15.426 0.048  H
2458648.96780 15.457 0.064  H
2458649.95344 15.476 0.058  H
2458653.94363 15.445 0.051  H
2458654.93817 15.448 0.048  H
2458659.93787 15.457 0.052  H
2458660.93239 15.442 0.044  H
2458664.88126 15.427 0.041  H
2458664.99993 15.432 0.044  H
2458665.89519 15.410 0.044  H
2458666.88389 15.434 0.050  H
2458666.99942 15.472 0.057  H
2458668.00264 15.458 0.048  H
2458668.89498 15.481 0.056  H
2458669.93195 15.470 0.048  H
2458671.90458 15.429 0.042  H
2458674.87596 15.441 0.053  H
2458675.84879 15.460 0.045  H
2458676.85401 15.431 0.043  H
2458680.91698 15.437 0.046  H
2458708.81030 15.485 0.076  H
2458709.81202 15.514 0.061  H
2458710.81052 15.431 0.126  H
2458711.87287 15.463 0.060  H
2458714.80928 15.478 0.057  H
2458715.80588 15.545 0.066  H
2458717.85027 15.490 0.057  H
2458718.82227 15.495 0.090  H
2458719.81884 15.479 0.056  H
2458721.81647 15.494 0.075  H
2458724.81634 15.476 0.062  H
2458734.81926 15.515 0.067  H
2458736.78324 15.472 0.060  H
2458633.97520 16.000 0.163  H
2458712.86917 15.844 0.203  H
2457882.08237 14.766 0.047  K
2457887.09342 14.831 0.073  K
2457894.03996 14.773 0.048  K
2457904.00359 14.804 0.060  K
2457921.00248 14.675 0.049  K
2457925.96630 14.683 0.050  K
2457930.92847 14.664 0.057  K
2457935.93786 14.583 0.064  K
2457947.94598 14.412 0.043  K
2457957.84510 14.214 0.052  K
2457967.85925 13.965 0.041  K
2457979.84827 13.708 0.043  K
2458258.02434 14.886 0.074  K
2458263.06348 14.854 0.068  K
2458276.01216 14.880 0.069  K
2458285.96700 14.867 0.074  K
2458290.96495 14.855 0.067  K
2458307.98754 14.889 0.072  K
2458312.88346 14.895 0.073  K
2458329.87876 14.851 0.067  K
2458613.08214 14.846 0.040  K
2458618.06847 14.874 0.065  K
2458623.07156 14.879 0.050  K
2458631.02697 14.842 0.034  K
2458636.01473 14.872 0.048  K
2458645.98411 14.869 0.048  K
2458663.00377 14.860 0.064  K
2458667.88716 14.833 0.037  K
2458677.92366 14.918 0.076  K
