2458222.10154 15.696 0.072  H
2458234.13597 15.423 0.057  H
2458254.01742 13.931 0.027  H
2458255.02780 13.902 0.038  H
2458257.04254 13.912 0.035  H
2458259.03832 13.897 0.037  H
2458260.03607 13.883 0.032  H
2458261.01341 13.792 0.044  H
2458262.00914 13.797 0.041  H
2458263.99063 13.549 0.036  H
2458265.02361 13.386 0.032  H
2458266.03381 12.414 0.042  H
2458266.97624 15.037 0.051  H
2458272.00201 15.278 0.083  H
2458273.04506 15.256 0.069  H
2458273.98958 15.350 0.065  H
2458274.97020 15.446 0.074  H
2458279.95160 15.428 0.060  H
2458281.94893 15.422 0.061  H
2458282.94832 15.506 0.069  H
2458283.94143 15.628 0.078  H
2458284.95475 15.532 0.070  H
2458286.95842 15.707 0.083  H
2458291.94309 15.726 0.094  H
2458292.92825 15.780 0.089  H
2458294.94793 15.738 0.084  H
2458298.91312 15.690 0.076  H
2458299.92556 16.012 0.111  H
2458300.96322 15.817 0.078  H
2458303.98254 15.861 0.085  H
2458304.93394 15.712 0.075  H
2458305.91760 15.785 0.075  H
2458308.90921 16.014 0.100  H
2458309.88318 15.905 0.083  H
2458310.91259 15.837 0.082  H
2458311.91365 16.322 0.152  H
2458315.91385 15.991 0.090  H
2458319.93346 16.137 0.127  H
2458321.87188 16.079 0.095  H
2458327.87748 16.094 0.093  H
2458328.82889 16.218 0.128  H
2458330.82244 16.144 0.104  H
2458331.82706 16.423 0.173  H
2458333.83345 16.235 0.124  H
2458335.88057 16.138 0.110  H
2458336.81305 16.079 0.094  H
2457487.10851 16.010 0.083  H
2457487.15316 16.055 0.088  H
2457488.08402 15.954 0.095  H
2457488.13009 16.097 0.098  H
2457489.08833 15.946 0.088  H
2457489.14290 15.952 0.087  H
2457490.09299 15.995 0.083  H
2457490.14287 16.026 0.093  H
2457491.10183 15.991 0.087  H
2457491.14637 16.010 0.094  H
2457492.09788 16.370 0.140  H
2457492.14254 16.493 0.166  H
2457493.08768 16.444 0.138  H
2457493.13224 16.338 0.124  H
2457494.07853 15.985 0.087  H
2457494.12305 16.035 0.092  H
2457495.08107 16.043 0.082  H
2457495.13200 16.035 0.088  H
2457496.12857 16.382 0.159  H
2457497.08738 16.564 0.183  H
2457497.13332 16.166 0.117  H
2457498.05171 16.037 0.099  H
2457498.09705 15.960 0.079  H
2457499.08291 16.293 0.147  H
2457499.12722 16.171 0.115  H
2457500.06374 15.934 0.095  H
2457500.10981 16.018 0.092  H
2457501.04556 16.219 0.136  H
2457501.09068 16.080 0.087  H
2457502.05718 16.358 0.141  H
2457502.10176 16.120 0.111  H
2457503.05201 16.120 0.104  H
2457503.09704 16.026 0.088  H
2457507.05200 16.128 0.096  H
2457507.10306 15.996 0.089  H
2457508.06492 15.994 0.093  H
2457508.10949 16.190 0.115  H
2457509.05578 15.992 0.082  H
2457509.10756 16.023 0.087  H
2457510.02696 16.124 0.106  H
2457510.13300 16.026 0.091  H
2457511.03746 16.122 0.100  H
2457511.08664 16.314 0.142  H
2457512.04571 16.080 0.098  H
2457512.09424 16.076 0.100  H
2457513.02296 16.029 0.099  H
2457513.07099 16.005 0.093  H
2457515.01584 16.139 0.103  H
2457515.06130 16.049 0.096  H
2457516.01148 16.614 0.181  H
2457516.05728 15.949 0.086  H
2457517.02383 16.013 0.100  H
2457517.06738 16.615 0.202  H
2457519.08643 16.300 0.160  H
2457520.04350 16.296 0.123  H
2457520.08876 16.022 0.101  H
2457521.04340 16.119 0.121  H
2457521.08662 16.025 0.091  H
2457523.07165 16.090 0.103  H
2457524.03522 16.140 0.107  H
2457524.09833 16.366 0.155  H
2457525.01859 16.480 0.168  H
2457526.01204 16.048 0.099  H
2457526.05642 16.094 0.105  H
2457527.01671 16.068 0.140  H
2457527.06689 16.011 0.096  H
2457527.99100 16.165 0.110  H
2457528.03633 16.040 0.094  H
2457528.99387 16.077 0.099  H
2457529.04237 16.125 0.104  H
2457529.98302 16.167 0.101  H
2457530.04071 16.096 0.093  H
2457531.01853 16.088 0.094  H
2457531.06626 16.065 0.093  H
2457532.00326 16.030 0.094  H
2457532.05044 16.104 0.100  H
2457535.04956 16.054 0.098  H
2457536.02554 16.191 0.118  H
2457536.07443 16.198 0.111  H
2457537.99101 16.188 0.174  H
2457538.08469 16.095 0.092  H
2457539.00898 16.204 0.104  H
2457539.05273 16.164 0.091  H
2457539.96020 16.316 0.136  H
2457540.00871 16.372 0.144  H
2457540.98542 16.151 0.099  H
2457541.96196 16.042 0.087  H
2457542.00789 16.062 0.083  H
2457542.06003 16.049 0.094  H
2457542.93527 16.157 0.096  H
2457542.98363 16.207 0.108  H
2457543.03653 16.113 0.096  H
2457543.96897 16.176 0.109  H
2457544.01829 16.220 0.128  H
2457544.06575 16.244 0.112  H
2457544.93661 16.237 0.098  H
2457544.98619 16.009 0.081  H
2457545.95084 16.123 0.093  H
2457545.99996 16.052 0.078  H
2457546.05699 16.003 0.081  H
2457546.92194 16.064 0.081  H
2457546.96876 16.153 0.092  H
2457547.01321 16.053 0.088  H
2457547.96140 16.048 0.080  H
2457548.00540 15.999 0.082  H
2457548.05292 16.024 0.082  H
2457548.96767 16.042 0.083  H
2457549.01237 16.065 0.098  H
2457549.96020 16.024 0.083  H
2457550.01204 15.988 0.079  H
2457550.94720 16.108 0.081  H
2457550.99245 16.005 0.071  H
2457551.04254 16.065 0.092  H
2457554.95809 16.329 0.130  H
2457555.00463 16.293 0.114  H
2457555.04803 16.071 0.110  H
2457555.91872 16.118 0.080  H
2457555.96214 16.008 0.078  H
2457558.93143 15.994 0.079  H
2457558.97790 16.076 0.081  H
2457559.02576 16.128 0.097  H
2457561.92647 16.089 0.083  H
2457561.97638 16.038 0.089  H
2457562.02517 16.024 0.081  H
2457562.87951 16.082 0.090  H
2457562.92785 16.129 0.089  H
2457562.97369 16.128 0.094  H
2457563.91465 16.063 0.085  H
2457563.95860 16.240 0.109  H
2457564.91142 15.997 0.083  H
2457564.95522 15.961 0.079  H
2457565.00558 16.095 0.089  H
2457567.97641 16.385 0.138  H
2457573.85458 16.078 0.078  H
2457573.90519 15.986 0.080  H
2457573.95188 16.047 0.085  H
2457574.86655 16.331 0.137  H
2457574.91364 16.110 0.097  H
2457574.95902 16.273 0.116  H
2457575.95229 16.003 0.080  H
2457576.86702 16.334 0.108  H
2457576.91398 16.108 0.085  H
2457576.96283 16.089 0.091  H
2457577.84306 16.088 0.092  H
2457577.88959 16.155 0.110  H
2457577.93648 16.388 0.135  H
2457864.09148 16.164 0.091  H
2457865.08331 16.122 0.096  H
2457878.08704 16.281 0.120  H
2457879.05934 16.005 0.091  H
2457880.06638 16.047 0.099  H
2457881.05614 15.998 0.091  H
2457883.04080 16.536 0.161  H
2457884.05469 15.999 0.080  H
2457885.07212 16.173 0.097  H
2457886.06999 16.215 0.110  H
2457891.01643 16.047 0.087  H
2457892.02129 16.077 0.101  H
2457893.02620 16.302 0.111  H
2457895.05681 16.094 0.085  H
2457898.01899 16.184 0.163  H
2457900.03986 16.152 0.091  H
2457901.01527 16.349 0.129  H
2457902.03883 16.083 0.091  H
2457905.02022 16.152 0.091  H
2457906.00200 16.077 0.096  H
2457908.00802 16.155 0.094  H
2457909.98232 16.135 0.100  H
2457910.97189 16.053 0.084  H
2457911.99929 16.111 0.221  H
2457912.96284 16.131 0.100  H
2457916.98044 16.054 0.080  H
2457917.97726 16.138 0.100  H
2457918.96318 16.253 0.111  H
2457924.94158 16.196 0.097  H
2457926.92303 16.090 0.080  H
2457927.95967 15.969 0.089  H
2457928.93293 16.155 0.094  H
2457929.93290 16.092 0.096  H
2457933.90662 16.205 0.092  H
2457934.89995 15.993 0.080  H
2457936.93663 16.091 0.085  H
2457937.90576 16.011 0.089  H
2457939.90906 16.348 0.129  H
2457945.93773 16.185 0.087  H
2457949.89260 16.244 0.099  H
2457950.88071 16.167 0.088  H
2457951.87400 16.067 0.087  H
2457953.92833 16.067 0.081  H
2457954.84937 16.109 0.086  H
2457955.86587 16.541 0.179  H
2457958.84667 16.071 0.094  H
2457959.84659 16.258 0.123  H
2457960.85687 16.109 0.081  H
2457961.85169 16.308 0.107  H
2457964.84652 16.103 0.088  H
2457966.83586 16.124 0.087  H
2457970.84737 16.169 0.096  H
2457971.84355 16.123 0.092  H
2457972.82706 16.108 0.094  H
2457974.88282 16.434 0.197  H
2457976.84665 16.033 0.075  H
2457977.83275 16.068 0.089  H
2457978.82942 16.098 0.089  H
2457980.82651 16.185 0.105  H
2457981.82551 16.189 0.103  H
2457983.81828 16.173 0.094  H
2457988.79470 16.233 0.116  H
2457989.79441 16.488 0.158  H
2457991.79607 16.539 0.159  H
2457992.80215 15.937 0.084  H
2457993.84223 16.147 0.093  H
2458590.09571 16.032 0.104  H
2458591.10674 16.282 0.155  H
2458592.10537 16.466 0.193  H
2458593.10230 16.352 0.176  H
2458594.10107 16.277 0.142  H
2458595.09718 16.048 0.126  H
2458599.08869 16.068 0.129  H
2458600.08990 16.122 0.131  H
2458601.08892 16.093 0.127  H
2458605.07438 15.987 0.112  H
2458606.08552 15.901 0.132  H
2458607.07253 16.098 0.133  H
2458611.07522 16.040 0.136  H
2458612.09008 16.084 0.121  H
2458614.05390 16.099 0.134  H
2458615.04038 16.245 0.143  H
2458616.04122 16.042 0.119  H
2458617.02789 16.459 0.196  H
2458619.01843 16.085 0.135  H
2458620.03977 16.135 0.128  H
2458621.04019 16.203 0.147  H
2458622.03943 16.398 0.197  H
2458627.04993 16.208 0.142  H
2458628.03109 16.258 0.159  H
2458629.04938 16.342 0.172  H
2458630.01810 16.161 0.180  H
2458632.01548 16.048 0.118  H
2458632.98570 15.916 0.109  H
2458635.00296 15.893 0.113  H
2458636.98654 16.104 0.133  H
2458637.96983 16.124 0.133  H
2458640.02291 16.131 0.148  H
2458642.00259 16.080 0.129  H
2458642.96939 16.228 0.144  H
2458643.99125 16.175 0.142  H
2458644.95403 16.205 0.156  H
2458646.96083 16.131 0.124  H
2458647.98163 16.175 0.133  H
2458648.97195 16.212 0.149  H
2458649.95753 16.448 0.186  H
2458653.94773 16.122 0.130  H
2458654.94764 16.174 0.128  H
2458660.93673 16.086 0.132  H
2458664.88535 16.091 0.126  H
2458665.00404 16.168 0.131  H
2458665.89928 16.086 0.142  H
2458666.88798 15.958 0.115  H
2458667.00352 16.331 0.159  H
2458668.89906 16.240 0.167  H
2458669.93605 16.137 0.138  H
2458671.90886 15.929 0.108  H
2458675.85289 16.263 0.153  H
2458676.86190 16.129 0.135  H
2458680.92513 16.038 0.137  H
2458708.82099 16.015 0.131  H
2458709.81611 16.438 0.221  H
2458710.81462 16.516 0.235  H
2458714.81345 16.533 0.213  H
2458718.82638 16.476 0.231  H
2458719.82296 16.286 0.174  H
2458721.82056 16.284 0.154  H
2458724.82046 16.198 0.150  H
2458736.78734 16.244 0.151  H
2458258.02853 13.409 0.049  K
2458263.06780 13.173 0.039  K
2458276.01649 14.804 0.070  K
2458285.97138 15.139 0.086  K
2458290.96900 15.054 0.054  K
2458307.99158 15.425 0.088  K
2458312.88786 15.504 0.109  K
2458329.88754 15.438 0.085  K
2457882.08645 15.540 0.071  K
2457887.09748 15.765 0.112  K
2457894.04404 15.580 0.081  K
2457904.00763 15.570 0.074  K
2457921.00652 15.557 0.074  K
2457925.97036 15.601 0.098  K
2457930.93248 15.725 0.106  K
2457935.94191 15.628 0.093  K
2457947.95004 15.540 0.088  K
2457957.84914 15.586 0.084  K
2457967.86569 15.500 0.071  K
2457979.85230 15.523 0.087  K
2458613.08660 15.764 0.096  K
2458618.07515 15.818 0.110  K
2458623.07567 15.852 0.101  K
2458631.03112 15.763 0.086  K
2458636.01885 15.903 0.110  K
2458645.98830 16.072 0.144  K
2458663.00787 15.929 0.114  K
2458667.89125 15.792 0.091  K
2458677.92818 16.118 0.159  K
