2458222.10290 15.027 0.061  H
2458234.13730 15.049 0.051  H
2458254.03019 15.072 0.048  H
2458255.02916 15.066 0.041  H
2458257.04387 15.078 0.042  H
2458259.03968 15.058 0.043  H
2458260.03744 15.070 0.047  H
2458261.01476 15.028 0.037  H
2458262.01051 15.064 0.048  H
2458263.99218 15.053 0.044  H
2458265.02494 15.055 0.046  H
2458266.03515 15.023 0.049  H
2458266.97758 15.069 0.064  H
2458272.00782 15.034 0.050  H
2458273.04649 14.980 0.043  H
2458273.99092 14.963 0.044  H
2458274.97157 15.007 0.049  H
2458279.95295 14.706 0.036  H
2458281.95028 14.526 0.034  H
2458282.94969 14.486 0.039  H
2458283.94279 14.383 0.029  H
2458284.95609 14.345 0.033  H
2458286.95979 14.470 0.033  H
2458291.94442 14.634 0.043  H
2458292.92959 14.585 0.033  H
2458293.89636 14.645 0.061  H
2458294.94929 13.330 0.020  H
2458298.91449 14.821 0.043  H
2458299.92689 14.939 0.041  H
2458300.96455 14.928 0.039  H
2458303.98388 15.002 0.054  H
2458304.93517 14.958 0.035  H
2458305.91893 15.007 0.041  H
2458308.91055 15.020 0.041  H
2458309.88452 15.003 0.042  H
2458310.91391 14.994 0.044  H
2458311.91500 15.047 0.051  H
2458315.91517 15.008 0.051  H
2458319.93480 15.122 0.069  H
2458321.87321 15.042 0.051  H
2458327.87881 14.999 0.042  H
2458328.83034 15.119 0.051  H
2458330.82377 15.053 0.047  H
2458331.82989 15.168 0.066  H
2458333.83477 15.085 0.045  H
2458335.88190 15.042 0.047  H
2458336.81438 15.022 0.047  H
2457487.15181 14.994 0.079  H
2457488.08254 14.995 0.080  H
2457488.12863 15.030 0.066  H
2457489.08598 15.070 0.086  H
2457489.14144 15.014 0.088  H
2457490.09149 15.052 0.076  H
2457490.14140 15.033 0.075  H
2457491.10048 15.021 0.084  H
2457491.14504 15.034 0.079  H
2457492.09653 15.079 0.069  H
2457492.14120 15.075 0.093  H
2457493.08633 15.079 0.096  H
2457493.13091 15.059 0.079  H
2457494.07718 15.021 0.084  H
2457494.12170 14.999 0.078  H
2457495.07973 15.009 0.084  H
2457495.13064 15.005 0.086  H
2457496.12724 15.074 0.086  H
2457497.08603 15.092 0.084  H
2457497.13199 15.077 0.080  H
2457498.05037 15.047 0.071  H
2457498.09570 15.004 0.075  H
2457499.08156 15.146 0.099  H
2457499.12588 15.077 0.081  H
2457500.06241 15.011 0.078  H
2457500.10845 15.024 0.063  H
2457501.04421 15.056 0.074  H
2457501.08933 14.999 0.070  H
2457502.05583 15.045 0.080  H
2457502.10041 15.027 0.069  H
2457503.05066 15.044 0.062  H
2457503.09571 15.003 0.069  H
2457507.05066 15.041 0.063  H
2457507.10171 15.027 0.082  H
2457508.06359 15.060 0.064  H
2457508.10814 15.069 0.056  H
2457509.05443 15.006 0.077  H
2457509.10623 15.022 0.084  H
2457510.02561 15.049 0.073  H
2457510.13165 15.044 0.072  H
2457511.03612 15.081 0.063  H
2457511.08529 15.114 0.075  H
2457512.04437 15.019 0.068  H
2457512.09290 15.021 0.078  H
2457513.02161 15.030 0.072  H
2457513.06963 15.049 0.077  H
2457515.01448 15.013 0.073  H
2457515.05995 15.044 0.076  H
2457516.01013 15.043 0.066  H
2457516.05593 15.008 0.084  H
2457517.02248 15.082 0.082  H
2457517.06603 15.055 0.066  H
2457519.08508 15.146 0.100  H
2457520.04213 15.016 0.071  H
2457520.08744 15.037 0.065  H
2457521.04206 15.056 0.077  H
2457521.08526 15.004 0.082  H
2457523.07007 15.032 0.072  H
2457524.03388 15.030 0.080  H
2457524.09700 15.033 0.071  H
2457525.01725 15.097 0.083  H
2457526.01069 15.007 0.075  H
2457526.05507 15.029 0.073  H
2457527.06554 15.006 0.080  H
2457527.98966 15.052 0.078  H
2457528.03499 15.009 0.070  H
2457528.99253 15.005 0.066  H
2457529.04102 15.024 0.072  H
2457529.98168 15.023 0.075  H
2457530.03936 15.051 0.075  H
2457531.01719 15.063 0.079  H
2457531.06487 15.055 0.078  H
2457532.00193 15.029 0.083  H
2457532.04909 15.055 0.079  H
2457535.04821 15.031 0.061  H
2457536.02421 15.039 0.072  H
2457536.07289 15.028 0.078  H
2457537.98966 15.036 0.064  H
2457538.08334 14.987 0.070  H
2457539.00763 15.009 0.083  H
2457539.05139 15.015 0.070  H
2457539.95885 15.044 0.081  H
2457540.00736 15.079 0.064  H
2457540.98408 15.073 0.074  H
2457541.04063 15.059 0.068  H
2457541.96061 15.026 0.080  H
2457542.00654 15.047 0.081  H
2457542.05868 15.046 0.075  H
2457542.93393 15.092 0.059  H
2457542.98228 15.081 0.081  H
2457543.03519 15.094 0.064  H
2457543.96763 15.080 0.067  H
2457544.01694 15.155 0.081  H
2457544.06442 15.122 0.076  H
2457544.93527 15.036 0.069  H
2457544.98484 15.025 0.082  H
2457545.94949 15.035 0.063  H
2457545.99862 15.033 0.080  H
2457546.05565 14.998 0.074  H
2457546.92060 15.050 0.068  H
2457546.96742 15.072 0.076  H
2457547.01188 15.028 0.072  H
2457547.96005 15.018 0.072  H
2457548.05157 15.028 0.084  H
2457548.96633 15.021 0.078  H
2457549.01102 15.023 0.070  H
2457549.95885 15.030 0.075  H
2457550.01068 14.996 0.079  H
2457550.05542 15.066 0.076  H
2457550.94586 15.047 0.077  H
2457550.99111 15.047 0.077  H
2457551.04120 15.022 0.074  H
2457554.95675 15.045 0.097  H
2457555.00328 15.072 0.063  H
2457555.04669 15.130 0.074  H
2457555.91730 15.036 0.073  H
2457555.96079 15.013 0.072  H
2457558.93009 15.066 0.066  H
2457558.97656 15.072 0.077  H
2457559.02442 15.076 0.069  H
2457561.92513 15.074 0.076  H
2457561.97504 15.023 0.072  H
2457562.02382 15.040 0.079  H
2457562.87817 15.083 0.063  H
2457562.92650 15.061 0.077  H
2457562.97234 15.034 0.077  H
2457563.91331 15.061 0.077  H
2457563.95724 15.060 0.072  H
2457564.91008 15.028 0.061  H
2457564.95388 14.989 0.074  H
2457565.00423 15.008 0.083  H
2457567.96775 15.092 0.083  H
2457573.85324 15.021 0.069  H
2457573.90386 15.014 0.082  H
2457573.95056 15.043 0.078  H
2457574.86521 15.041 0.061  H
2457574.91230 15.081 0.064  H
2457574.95768 15.057 0.062  H
2457575.89438 15.068 0.073  H
2457575.95094 15.020 0.083  H
2457576.86570 15.028 0.070  H
2457576.91263 15.043 0.076  H
2457576.96146 15.087 0.062  H
2457577.84173 15.036 0.075  H
2457577.88824 15.048 0.076  H
2457577.93515 15.111 0.086  H
2457864.09280 15.026 0.049  H
2457865.08464 15.031 0.061  H
2457878.08836 15.058 0.060  H
2457879.06068 14.986 0.047  H
2457880.06770 14.999 0.034  H
2457881.05748 14.970 0.049  H
2457883.04213 15.069 0.066  H
2457884.06297 15.001 0.047  H
2457885.07406 15.022 0.059  H
2457886.07130 15.065 0.062  H
2457891.01776 15.004 0.065  H
2457892.02262 15.001 0.055  H
2457893.02752 15.055 0.061  H
2457895.05814 15.054 0.054  H
2457898.02032 15.087 0.058  H
2457900.04117 15.043 0.063  H
2457901.01660 15.044 0.062  H
2457902.04016 15.004 0.062  H
2457905.02154 15.057 0.062  H
2457906.00332 15.022 0.052  H
2457908.00934 15.041 0.065  H
2457909.98364 15.051 0.064  H
2457910.97322 15.000 0.057  H
2457912.00063 15.023 0.088  H
2457912.96417 15.069 0.064  H
2457916.98175 15.017 0.060  H
2457917.97859 15.098 0.064  H
2457918.96451 15.103 0.058  H
2457924.94290 15.051 0.059  H
2457926.92435 15.005 0.060  H
2457927.96099 14.987 0.034  H
2457928.93992 14.998 0.034  H
2457929.93439 15.032 0.067  H
2457932.92762 15.061 0.058  H
2457933.90794 15.041 0.062  H
2457934.90127 15.007 0.057  H
2457936.93795 15.015 0.052  H
2457937.90709 14.998 0.050  H
2457939.91038 15.077 0.057  H
2457945.93907 15.031 0.059  H
2457948.87956 15.127 0.052  H
2457949.89393 15.043 0.057  H
2457950.88204 15.035 0.059  H
2457951.87532 15.027 0.047  H
2457953.92965 15.013 0.050  H
2457954.85069 15.020 0.052  H
2457955.86721 15.088 0.071  H
2457958.84800 15.001 0.045  H
2457959.84791 15.052 0.052  H
2457960.85819 15.018 0.069  H
2457961.85302 15.050 0.054  H
2457964.84787 15.048 0.053  H
2457966.83719 15.055 0.043  H
2457970.84868 15.021 0.061  H
2457971.84488 15.043 0.060  H
2457972.82840 15.084 0.051  H
2457976.84797 15.033 0.042  H
2457977.83410 15.029 0.036  H
2457978.83073 15.011 0.056  H
2457980.82786 15.021 0.065  H
2457981.82684 15.043 0.053  H
2457982.83032 15.103 0.045  H
2457983.81962 15.084 0.049  H
2457988.79621 15.054 0.063  H
2457989.79590 15.071 0.073  H
2457990.79678 15.034 0.057  H
2457991.79739 15.093 0.069  H
2457992.80348 15.018 0.056  H
2457993.84359 15.065 0.057  H
2458590.09702 15.053 0.048  H
2458591.10807 15.110 0.062  H
2458592.10669 15.150 0.062  H
2458593.10366 15.118 0.057  H
2458594.10242 15.108 0.059  H
2458595.09854 15.111 0.061  H
2458599.09010 15.067 0.043  H
2458600.09125 15.077 0.056  H
2458601.09026 15.070 0.063  H
2458605.07573 15.057 0.047  H
2458606.08687 15.053 0.058  H
2458607.07389 15.065 0.046  H
2458611.07660 15.099 0.059  H
2458612.09148 15.037 0.037  H
2458614.05528 15.083 0.049  H
2458615.04173 15.103 0.052  H
2458616.04257 15.053 0.047  H
2458617.02925 15.100 0.064  H
2458619.01977 15.053 0.043  H
2458620.04111 15.058 0.043  H
2458621.04154 15.063 0.048  H
2458622.04077 15.195 0.070  H
2458627.05131 15.096 0.058  H
2458628.03247 15.132 0.055  H
2458629.05076 15.085 0.056  H
2458630.01945 15.187 0.099  H
2458632.01684 15.026 0.043  H
2458632.98744 15.066 0.041  H
2458633.98096 15.345 0.241  H
2458635.00431 15.097 0.049  H
2458636.98798 15.062 0.042  H
2458637.97120 15.127 0.063  H
2458640.02425 15.118 0.049  H
2458642.00397 15.109 0.052  H
2458642.97074 15.083 0.064  H
2458643.99259 15.117 0.053  H
2458644.95538 15.129 0.066  H
2458646.96220 15.045 0.058  H
2458647.98299 15.076 0.051  H
2458648.97331 15.075 0.067  H
2458649.95888 15.164 0.062  H
2458653.94909 15.156 0.050  H
2458654.94900 15.058 0.050  H
2458659.94339 15.202 0.156  H
2458660.93808 15.101 0.064  H
2458664.88671 15.028 0.055  H
2458665.00539 15.086 0.060  H
2458665.90064 15.074 0.058  H
2458666.88934 15.067 0.061  H
2458667.00489 15.072 0.060  H
2458668.90042 15.135 0.044  H
2458669.93739 15.087 0.052  H
2458671.91020 15.050 0.044  H
2458675.85425 15.088 0.058  H
2458676.86329 15.064 0.047  H
2458680.92649 15.080 0.059  H
2458708.82252 15.068 0.043  H
2458709.81747 15.266 0.064  H
2458710.81598 15.356 0.081  H
2458714.81484 15.182 0.064  H
2458715.81148 15.291 0.088  H
2458717.85647 15.180 0.072  H
2458718.82773 15.206 0.056  H
2458719.82432 15.123 0.052  H
2458721.82193 15.138 0.056  H
2458724.82183 15.138 0.064  H
2458736.78868 15.130 0.057  H
2458258.02991 14.635 0.059  K
2458263.06913 14.600 0.051  K
2458276.01781 14.490 0.051  K
2458285.97272 13.956 0.044  K
2458290.97032 14.124 0.041  K
2458312.88918 14.651 0.068  K
2458329.88889 14.632 0.064  K
2457882.08780 14.591 0.047  K
2457887.09880 14.659 0.070  K
2457894.04893 14.602 0.047  K
2457904.00895 14.595 0.054  K
2457921.00785 14.601 0.054  K
2457925.97168 14.600 0.048  K
2457930.93380 14.633 0.053  K
2457935.94324 14.650 0.044  K
2457947.95136 14.639 0.056  K
2457957.85046 14.648 0.055  K
2457967.86702 14.587 0.048  K
2457979.85362 14.574 0.056  K
2458613.08797 14.651 0.043  K
2458618.07649 14.681 0.060  K
2458623.07701 14.668 0.056  K
2458631.03249 14.611 0.046  K
2458645.98966 14.753 0.057  K
2458663.00921 14.684 0.052  K
2458667.89267 14.627 0.055  K
2458677.92954 14.764 0.064  K
