2458222.14299 12.891 0.032  K
2458254.00815 12.451 0.021  K
2458254.07635 12.444 0.022  K
2458255.07567 12.432 0.028  K
2458257.03330 12.370 0.027  K
2458257.08325 12.369 0.033  K
2458258.07079 12.320 0.036  K
2458259.02990 12.310 0.034  K
2458259.08490 12.319 0.033  K
2458260.02752 12.282 0.033  K
2458260.08385 12.293 0.033  K
2458261.05507 12.233 0.027  K
2458262.00068 12.220 0.040  K
2458262.06059 12.213 0.028  K
2458263.05824 12.206 0.032  K
2458263.05954 12.186 0.026  K
2458264.03341 12.191 0.023  K
2458265.01537 12.172 0.028  K
2458265.06419 12.181 0.025  K
2458266.02307 12.187 0.029  K
2458266.07469 12.178 0.028  K
2458267.01675 12.193 0.022  K
2458271.98679 12.237 0.022  K
2458273.03669 12.262 0.034  K
2458273.08672 12.268 0.032  K
2458274.03051 12.288 0.025  K
2458274.96123 12.303 0.034  K
2458275.01245 12.293 0.035  K
2458276.00687 12.316 0.030  K
2458276.00816 12.314 0.031  K
2458279.99270 12.339 0.028  K
2458281.96288 12.364 0.027  K
2458282.98975 12.384 0.032  K
2458283.95579 12.376 0.024  K
2458284.96840 12.402 0.025  K
2458286.01242 12.410 0.032  K
2458286.97252 12.413 0.029  K
2458290.95959 12.428 0.020  K
2458290.96090 12.442 0.027  K
2458291.98480 12.403 0.040  K
2458292.94213 12.449 0.028  K
2458293.90889 12.502 0.032  K
2458294.99101 12.474 0.030  K
2458298.92748 12.469 0.025  K
2458299.93973 12.504 0.034  K
2458301.00455 12.514 0.034  K
2458304.94918 12.490 0.016  K
2458305.90916 12.500 0.021  K
2458307.95941 12.541 0.023  K
2458307.96071 12.562 0.031  K
2458308.89683 12.554 0.037  K
2458308.94992 12.579 0.033  K
2458309.93159 12.565 0.021  K
2458310.90427 12.555 0.021  K
2458310.95330 12.572 0.016  K
2458311.90517 12.580 0.032  K
2458311.95574 12.586 0.025  K
2458312.92860 12.609 0.036  K
2458315.95748 12.635 0.025  K
2458316.91144 12.646 0.045  K
2458316.96653 12.664 0.045  K
2458319.92514 12.689 0.072  K
2458321.91308 12.694 0.034  K
2458328.82015 12.789 0.037  K
2458328.86998 12.797 0.040  K
2458329.87335 12.769 0.034  K
2458329.87464 12.748 0.034  K
2458330.86551 12.803 0.043  K
2458331.81870 12.825 0.042  K
2458331.86983 12.812 0.046  K
2458335.87220 12.836 0.034  K
2458336.85354 12.829 0.022  K
2457864.08112 13.105 0.023  K
2457864.13231 13.107 0.025  K
2457865.12392 13.104 0.041  K
2457878.07875 13.157 0.038  K
2457878.12777 13.147 0.025  K
2457879.04340 13.108 0.024  K
2457879.10030 13.108 0.019  K
2457880.10707 13.130 0.018  K
2457881.04788 13.095 0.020  K
2457881.09783 13.121 0.021  K
2457882.07709 13.128 0.018  K
2457882.07840 13.139 0.022  K
2457883.08153 13.140 0.032  K
2457884.04638 13.118 0.021  K
2457884.10723 13.141 0.024  K
2457885.06311 13.105 0.018  K
2457885.11808 13.143 0.022  K
2457886.11226 13.145 0.034  K
2457887.08817 13.141 0.029  K
2457887.08947 13.165 0.029  K
2457891.00819 13.117 0.018  K
2457892.06203 13.133 0.018  K
2457893.01795 13.156 0.024  K
2457893.06909 13.168 0.031  K
2457894.03459 13.125 0.018  K
2457894.03599 13.124 0.018  K
2457895.09748 13.125 0.018  K
2457898.06036 13.161 0.024  K
2457900.03153 13.134 0.018  K
2457900.08060 13.136 0.022  K
2457901.06062 13.116 0.027  K
2457902.03053 13.136 0.025  K
2457902.07978 13.171 0.031  K
2457904.04876 13.140 0.018  K
2457905.00639 13.143 0.032  K
2457905.06090 13.146 0.023  K
2457905.98311 13.119 0.024  K
2457906.04272 13.127 0.019  K
2457907.99975 13.139 0.018  K
2457908.04920 13.124 0.024  K
2457910.02320 13.125 0.029  K
2457910.96325 13.155 0.028  K
2457911.01341 13.135 0.029  K
2457911.98932 13.108 0.022  K
2457913.00339 13.140 0.025  K
2457916.97215 13.122 0.026  K
2457917.02733 13.126 0.021  K
2457917.96886 13.112 0.028  K
2457918.02202 13.132 0.025  K
2457919.00411 13.140 0.018  K
2457920.99716 13.142 0.022  K
2457920.99846 13.145 0.028  K
2457924.98227 13.135 0.036  K
2457925.96098 13.113 0.020  K
2457925.96228 13.120 0.021  K
2457926.91473 13.104 0.032  K
2457926.96975 13.120 0.029  K
2457928.00128 13.103 0.021  K
2457928.92463 13.126 0.028  K
2457928.98026 13.112 0.018  K
2457929.91818 13.130 0.020  K
2457929.97363 13.122 0.028  K
2457930.97286 13.161 0.020  K
2457932.91799 13.137 0.027  K
2457932.97169 13.116 0.019  K
2457933.94724 13.155 0.030  K
2457934.89167 13.100 0.030  K
2457934.94081 13.127 0.026  K
2457935.93200 13.179 0.019  K
2457936.97729 13.143 0.018  K
2457937.89715 13.122 0.019  K
2457937.94693 13.128 0.022  K
2457939.95107 13.122 0.039  K
2457945.98014 13.136 0.022  K
2457947.94062 13.146 0.029  K
2457947.94192 13.134 0.030  K
2457948.91920 13.158 0.033  K
2457949.88424 13.151 0.027  K
2457949.93374 13.146 0.023  K
2457950.87238 13.146 0.024  K
2457950.92594 13.141 0.034  K
2457951.91455 13.146 0.018  K
2457953.91863 13.122 0.018  K
2457954.88995 13.153 0.027  K
2457955.85754 13.141 0.032  K
2457955.91026 13.172 0.025  K
2457957.88990 13.118 0.036  K
2457958.83835 13.116 0.018  K
2457958.89445 13.131 0.020  K
2457959.83780 13.131 0.027  K
2457959.88724 13.121 0.049  K
2457960.90587 13.125 0.027  K
2457961.84307 13.161 0.032  K
2457961.90031 13.159 0.027  K
2457964.83808 13.150 0.023  K
2457964.88725 13.139 0.024  K
2457965.83079 13.136 0.032  K
2457965.88062 13.227 0.079  K
2457966.87668 13.154 0.024  K
2457967.85385 13.123 0.017  K
2457967.85515 13.127 0.019  K
2457970.83901 13.163 0.026  K
2457970.89935 13.156 0.056  K
2457971.82903 13.139 0.032  K
2457971.88565 13.149 0.026  K
2457972.86807 13.149 0.038  K
2457974.89737 13.152 0.020  K
2457976.83712 13.138 0.018  K
2457976.88992 13.125 0.018  K
2457977.82439 13.129 0.018  K
2457977.87348 13.128 0.018  K
2457978.87008 13.115 0.017  K
2457979.84286 13.138 0.026  K
2457979.84417 13.124 0.023  K
2457980.81330 13.147 0.037  K
2457980.86769 13.141 0.022  K
2457981.87249 13.142 0.027  K
2457982.82033 13.153 0.025  K
2457982.87312 13.153 0.034  K
2457983.80993 13.137 0.039  K
2457983.86445 13.123 0.018  K
2457988.81732 13.132 0.022  K
2457989.80846 13.166 0.031  K
2457990.80920 13.148 0.018  K
2457991.80983 13.140 0.034  K
2457992.81703 13.132 0.018  K
2458590.08301 13.115 0.018  K
2458590.13939 13.109 0.018  K
2458591.09296 13.135 0.019  K
2458592.14636 13.171 0.028  K
2458593.09380 13.123 0.023  K
2458593.14367 13.137 0.019  K
2458594.09270 13.116 0.019  K
2458594.14258 13.130 0.018  K
2458595.14239 13.119 0.021  K
2458599.07428 13.134 0.018  K
2458599.13113 13.145 0.018  K
2458600.07455 13.136 0.018  K
2458600.13128 13.137 0.018  K
2458601.13059 13.162 0.018  K
2458605.06601 13.120 0.022  K
2458605.11564 13.132 0.018  K
2458606.07717 13.122 0.018  K
2458606.12678 13.136 0.019  K
2458607.11974 13.136 0.019  K
2458611.06281 13.134 0.021  K
2458611.11779 13.166 0.020  K
2458612.07560 13.132 0.021  K
2458612.13568 13.140 0.018  K
2458613.12888 13.139 0.019  K
2458614.04533 13.133 0.019  K
2458614.09946 13.135 0.018  K
2458615.03199 13.138 0.018  K
2458615.08312 13.154 0.019  K
2458616.08276 13.158 0.021  K
2458617.01949 13.142 0.019  K
2458617.07476 13.158 0.019  K
2458618.06315 13.128 0.019  K
2458618.06446 13.129 0.018  K
2458619.05968 13.136 0.018  K
2458620.03141 13.125 0.019  K
2458620.08130 13.149 0.020  K
2458621.03182 13.158 0.018  K
2458621.08153 13.160 0.025  K
2458622.08872 13.167 0.019  K
2458623.06622 13.147 0.018  K
2458623.06754 13.147 0.019  K
2458627.03820 13.152 0.019  K
2458627.09234 13.148 0.018  K
2458628.01576 13.144 0.020  K
2458628.07337 13.143 0.025  K
2458629.09185 13.155 0.019  K
2458630.00937 13.140 0.029  K
2458630.05984 13.166 0.026  K
2458631.02155 13.141 0.018  K
2458631.02291 13.124 0.021  K
2458632.06792 13.144 0.018  K
2458632.97728 13.116 0.018  K
2458633.02776 13.126 0.018  K
2458633.97060 13.155 0.031  K
2458634.02092 13.108 0.079  K
2458635.04443 13.131 0.027  K
2458636.00930 13.136 0.018  K
2458636.01063 13.152 0.019  K
2458636.97815 13.152 0.018  K
2458637.02830 13.163 0.019  K
2458638.01131 13.139 0.020  K
2458639.99431 13.132 0.023  K
2458640.06436 13.173 0.019  K
2458641.99402 13.146 0.019  K
2458642.96097 13.127 0.018  K
2458643.01082 13.134 0.022  K
2458644.03250 13.145 0.018  K
2458644.94483 13.155 0.019  K
2458644.99565 13.128 0.020  K
2458645.97873 13.143 0.025  K
2458645.98005 13.167 0.023  K
2458647.00347 13.113 0.018  K
2458647.96654 13.141 0.018  K
2458648.02314 13.145 0.023  K
2458648.95702 13.146 0.019  K
2458649.01390 13.156 0.023  K
2458649.99948 13.126 0.018  K
2458653.93932 13.122 0.021  K
2458653.99153 13.148 0.025  K
2458654.93384 13.151 0.018  K
2458654.98927 13.149 0.019  K
2458659.93141 13.134 0.027  K
2458659.98320 13.138 0.034  K
2458660.92808 13.145 0.019  K
2458660.98119 13.127 0.018  K
2458662.99827 13.150 0.025  K
2458662.99960 13.129 0.019  K
2458664.92646 13.115 0.021  K
2458664.99559 13.132 0.018  K
2458665.89086 13.147 0.018  K
2458665.94138 13.123 0.018  K
2458666.87551 13.125 0.018  K
2458666.93354 13.140 0.021  K
2458666.99508 13.142 0.018  K
2458667.93227 13.143 0.018  K
2458667.99829 13.122 0.018  K
2458668.89063 13.151 0.019  K
2458668.94026 13.157 0.019  K
2458669.92409 13.142 0.018  K
2458669.97790 13.135 0.018  K
2458671.90024 13.153 0.018  K
2458671.95002 13.148 0.018  K
2458674.87161 13.122 0.027  K
2458674.97031 13.148 0.019  K
2458675.84445 13.136 0.025  K
2458675.90208 13.154 0.019  K
2458676.90314 13.135 0.021  K
2458677.91820 13.157 0.023  K
2458677.91952 13.152 0.046  K
2458680.91262 13.137 0.018  K
2458680.96760 13.149 0.019  K
2458708.80591 13.143 0.019  K
2458708.88038 13.142 0.019  K
2458709.80761 13.150 0.021  K
2458709.86190 13.085 0.048  K
2458710.80608 13.144 0.019  K
2458710.86289 13.137 0.026  K
2458711.86846 13.140 0.019  K
2458714.80477 13.143 0.022  K
2458714.86085 13.147 0.024  K
2458715.79835 13.143 0.020  K
2458715.85538 13.111 0.026  K
2458717.84585 13.153 0.028  K
2458718.81783 13.169 0.035  K
2458719.81404 13.150 0.021  K
2458721.81204 13.083 0.041  K
2458724.81189 13.140 0.021  K
2458734.81482 13.140 0.021  K
2458736.77831 13.153 0.025  K
2458222.09248 13.986 0.033  H
2458234.12797 13.889 0.031  H
2458255.01966 13.527 0.041  H
2458258.01993 13.430 0.034  H
2458261.00513 13.347 0.025  H
2458263.98261 13.301 0.031  H
2458266.96825 13.267 0.047  H
2458273.98088 13.359 0.042  H
2458279.93688 13.437 0.027  H
2458282.94012 13.517 0.026  H
2458285.96268 13.548 0.030  H
2458291.93466 13.561 0.030  H
2458294.93918 13.589 0.023  H
2458300.95515 13.631 0.023  H
2458303.97431 13.659 0.026  H
2458309.87489 13.699 0.025  H
2458312.87869 13.744 0.032  H
2458315.90578 13.774 0.017  H
2458321.86345 13.846 0.023  H
2458327.86933 13.870 0.025  H
2458330.81155 13.914 0.025  H
2458333.82533 13.980 0.037  H
2458336.80495 13.964 0.021  H
2457865.07532 14.251 0.023  H
2457880.05832 14.280 0.025  H
2457883.03277 14.270 0.030  H
2457886.06141 14.300 0.026  H
2457892.01329 14.262 0.027  H
2457895.04880 14.268 0.030  H
2457898.01097 14.266 0.024  H
2457901.00705 14.290 0.025  H
2457903.99087 14.296 0.023  H
2457909.97123 14.258 0.029  H
2457912.95481 14.263 0.027  H
2457918.95513 14.289 0.025  H
2457924.93355 14.296 0.026  H
2457927.95158 14.244 0.033  H
2457930.92422 14.297 0.024  H
2457933.89854 14.305 0.023  H
2457936.92850 14.283 0.030  H
2457939.90053 14.265 0.031  H
2457945.92943 14.302 0.027  H
2457948.86935 14.308 0.029  H
2457951.86545 14.278 0.024  H
2457954.84127 14.248 0.022  H
2457957.84077 14.302 0.031  H
2457960.84837 14.290 0.023  H
2457966.82766 14.291 0.019  H
2457972.81892 14.308 0.026  H
2457978.81381 14.268 0.030  H
2457981.81735 14.275 0.032  H
2458592.09694 14.293 0.026  H
2458595.08908 14.284 0.024  H
2458601.07851 14.284 0.021  H
2458607.06440 14.280 0.021  H
2458613.07781 14.269 0.025  H
2458616.02903 14.269 0.020  H
2458619.00543 14.270 0.020  H
2458622.03121 14.309 0.022  H
2458629.04085 14.278 0.020  H
2458632.00675 14.245 0.019  H
2458634.99472 14.259 0.021  H
2458637.96168 14.270 0.030  H
2458643.98296 14.262 0.020  H
2458646.95258 14.266 0.019  H
2458649.94936 14.296 0.025  H
2458664.87716 14.274 0.026  H
2458667.88282 14.279 0.027  H
2458676.84990 14.253 0.021  H
