2458222.08713 16.422 0.086  H
2458234.12113 16.416 0.066  H
2458255.01418 16.240 0.084  H
2458258.00593 16.345 0.078  H
2458260.99963 16.153 0.047  H
2458263.97690 16.168 0.058  H
2458279.93150 15.207 0.029  H
2458282.93119 15.241 0.030  H
2458285.95175 16.133 0.058  H
2458291.92926 16.179 0.079  H
2458294.93377 15.923 0.045  H
2458300.94970 15.721 0.035  H
2458303.96727 15.900 0.062  H
2458309.86946 16.145 0.049  H
2458315.90033 16.284 0.052  H
2458327.86385 16.454 0.058  H
2458330.80608 16.503 0.069  H
2458336.79174 16.514 0.062  H
2457865.07002 16.520 0.088  H
2457880.05301 16.528 0.064  H
2457892.00136 16.557 0.089  H
2457895.04344 16.614 0.091  H
2457900.99743 16.876 0.104  H
2457909.96585 16.555 0.095  H
2457912.94942 16.658 0.099  H
2457918.94480 16.686 0.093  H
2457927.94240 16.595 0.083  H
2457930.91881 16.703 0.104  H
2457936.92308 16.713 0.090  H
2457945.92068 16.677 0.081  H
2457951.86003 16.646 0.080  H
2457954.83582 16.598 0.078  H
2457960.84291 16.649 0.079  H
2457972.81346 16.627 0.078  H
2457978.80832 16.642 0.085  H
2458595.08363 16.526 0.063  H
2458613.06645 16.561 0.063  H
2458616.02362 16.587 0.075  H
2458619.00002 16.589 0.085  H
2458643.97560 16.689 0.080  H
2458646.94707 16.573 0.065  H
2458664.87167 16.590 0.068  H
2458667.86470 16.562 0.072  H
2458676.84429 16.665 0.066  H
