2458590.09971 14.153 0.022  H
2458591.11076 14.192 0.027  H
2458592.10937 14.188 0.025  H
2458593.10641 14.156 0.023  H
2458594.10517 14.173 0.025  H
2458595.10140 14.182 0.023  H
2458599.09286 14.163 0.022  H
2458600.09397 14.167 0.024  H
2458601.09339 14.166 0.027  H
2458605.07845 14.172 0.022  H
2458606.08959 14.177 0.023  H
2458607.07668 14.166 0.023  H
2458611.07949 14.175 0.028  H
2458612.09432 14.165 0.021  H
2458614.05844 14.171 0.027  H
2458615.04444 14.159 0.023  H
2458616.04530 14.170 0.024  H
2458617.03198 14.154 0.026  H
2458619.02252 14.169 0.031  H
2458620.04391 14.166 0.023  H
2458621.04426 14.174 0.024  H
2458622.04350 14.180 0.031  H
2458627.05410 14.157 0.023  H
2458628.03527 14.175 0.026  H
2458629.05365 14.170 0.024  H
2458630.02222 14.230 0.028  H
2458632.01960 14.155 0.021  H
2458632.99019 14.157 0.022  H
2458633.98371 14.172 0.033  H
2458635.00708 14.168 0.024  H
2458636.99075 14.157 0.022  H
2458637.97393 14.151 0.023  H
2458640.02700 14.166 0.024  H
2458642.00677 14.169 0.033  H
2458642.97350 14.143 0.027  H
2458643.99534 14.148 0.028  H
2458644.95812 14.158 0.028  H
2458646.96496 14.148 0.025  H
2458647.98576 14.130 0.022  H
2458648.97607 14.144 0.022  H
2458649.96193 14.130 0.025  H
2458653.95232 14.080 0.044  H
2458654.95192 14.085 0.022  H
2458659.94614 13.909 0.023  H
2458660.94083 13.819 0.021  H
2458664.88946 13.369 0.018  H
2458665.00816 13.389 0.018  H
2458665.90353 13.534 0.019  H
2458666.89209 12.583 0.016  H
2458668.90317 12.923 0.017  H
2458669.94013 12.850 0.017  H
2458671.91296 12.297 0.016  H
2458674.88455 13.135 0.021  H
2458675.85702 13.321 0.019  H
2458676.86608 13.511 0.018  H
2458680.92926 13.879 0.026  H
2458708.82565 14.173 0.024  H
2458709.82025 14.166 0.049  H
2458710.81878 14.208 0.030  H
2458714.81769 14.192 0.032  H
2458715.81427 14.221 0.046  H
2458717.85926 14.178 0.030  H
2458718.83053 14.178 0.026  H
2458719.82711 14.183 0.029  H
2458721.82473 14.186 0.034  H
2458724.82464 14.199 0.034  H
2458736.79149 14.183 0.031  H
2457864.09566 14.158 0.021  H
2457865.08732 14.168 0.022  H
2457878.09105 14.125 0.059  H
2457879.06337 14.151 0.021  H
2457880.07038 14.164 0.024  H
2457881.06017 14.140 0.029  H
2457883.04482 14.168 0.026  H
2457884.06566 14.164 0.022  H
2457885.07676 14.153 0.021  H
2457886.07399 14.194 0.029  H
2457891.02045 14.152 0.021  H
2457892.02531 14.148 0.022  H
2457893.03021 14.161 0.025  H
2457895.06084 14.173 0.022  H
2457898.02301 14.152 0.022  H
2457900.04389 14.175 0.022  H
2457901.01929 14.158 0.032  H
2457902.04285 14.160 0.022  H
2457905.02423 14.178 0.022  H
2457906.00602 14.180 0.022  H
2457908.01202 14.180 0.033  H
2457909.98635 14.184 0.030  H
2457910.97592 14.148 0.022  H
2457912.00333 14.188 0.038  H
2457912.96683 14.169 0.028  H
2457916.98446 14.163 0.022  H
2457917.98129 14.170 0.022  H
2457918.96742 14.214 0.023  H
2457924.94562 14.164 0.030  H
2457926.92705 14.142 0.027  H
2457927.96370 14.169 0.021  H
2457928.94263 14.184 0.022  H
2457929.93713 14.190 0.022  H
2457932.93367 14.223 0.026  H
2457933.91065 14.175 0.022  H
2457934.90399 14.157 0.022  H
2457936.94063 14.164 0.022  H
2457937.90982 14.149 0.022  H
2457939.91309 14.192 0.028  H
2457945.94180 14.183 0.022  H
2457948.88234 14.213 0.026  H
2457949.89667 14.171 0.026  H
2457950.88476 14.172 0.022  H
2457951.87803 14.176 0.022  H
2457953.93236 14.159 0.027  H
2457954.85341 14.152 0.021  H
2457955.86993 14.169 0.041  H
2457958.85090 14.150 0.025  H
2457959.85063 14.164 0.031  H
2457960.86091 14.170 0.021  H
2457961.85575 14.181 0.027  H
2457964.85058 14.141 0.023  H
2457965.84332 14.187 0.051  H
2457966.83991 14.165 0.022  H
2457970.85140 14.171 0.034  H
2457971.84762 14.155 0.030  H
2457972.83112 14.170 0.025  H
2457974.87612 14.179 0.039  H
2457976.85069 14.181 0.021  H
2457977.83682 14.160 0.021  H
2457978.83346 14.158 0.022  H
2457980.83058 14.156 0.023  H
2457981.82957 14.159 0.027  H
2457982.83358 14.195 0.039  H
2457983.82236 14.156 0.023  H
2457988.78800 14.180 0.025  H
2457989.78770 14.207 0.026  H
2457990.78818 14.175 0.025  H
2457991.78934 14.223 0.027  H
2457992.79545 14.188 0.022  H
2457993.83554 14.165 0.023  H
2458222.10561 14.186 0.022  H
2458234.13998 14.178 0.029  H
2458254.03397 14.159 0.033  H
2458255.03189 14.128 0.036  H
2458257.04657 14.168 0.037  H
2458259.04241 14.151 0.032  H
2458260.04017 14.194 0.040  H
2458261.01757 14.162 0.022  H
2458262.01324 14.155 0.031  H
2458263.99485 14.212 0.065  H
2458265.02764 14.174 0.035  H
2458266.03783 14.158 0.027  H
2458266.98025 14.164 0.029  H
2458272.01056 14.183 0.031  H
2458273.04922 14.168 0.029  H
2458273.99361 14.150 0.044  H
2458274.97430 14.191 0.034  H
2458279.95565 14.161 0.022  H
2458281.94210 14.136 0.024  H
2458282.95242 14.168 0.027  H
2458283.93452 14.164 0.025  H
2458284.94803 14.169 0.027  H
2458286.95149 14.166 0.029  H
2458291.94712 14.184 0.026  H
2458292.92142 14.149 0.023  H
2458294.95199 14.163 0.025  H
2458298.90630 14.151 0.025  H
2458299.91876 14.164 0.023  H
2458300.96724 14.201 0.023  H
2458303.98662 14.194 0.025  H
2458304.92639 14.167 0.022  H
2458305.92163 14.196 0.022  H
2458308.91327 14.173 0.035  H
2458309.89402 14.194 0.025  H
2458310.91664 14.152 0.023  H
2458311.91777 14.161 0.031  H
2458315.91788 14.185 0.023  H
2458316.92383 14.234 0.038  H
2458319.93752 14.191 0.036  H
2458321.87592 14.186 0.027  H
2458327.88754 14.167 0.024  H
2458328.83306 14.181 0.027  H
2458330.82649 14.185 0.024  H
2458331.83335 14.196 0.026  H
2458333.83750 14.204 0.031  H
2458335.88464 14.205 0.027  H
2458336.81710 14.195 0.025  H
