2457864.05131 16.372 0.122  H
2457865.04570 16.404 0.125  H
2457878.04870 16.459 0.177  H
2457879.01371 16.400 0.145  H
2457880.02033 16.327 0.109  H
2457881.01403 16.267 0.121  H
2457882.99901 16.503 0.169  H
2457884.01629 16.370 0.117  H
2457885.03186 16.290 0.109  H
2457886.02484 16.364 0.141  H
2457892.98002 16.523 0.156  H
2457894.96510 16.236 0.102  H
2457897.98139 16.397 0.126  H
2457899.99493 16.376 0.123  H
2457900.97285 16.420 0.134  H
2457901.99098 16.246 0.104  H
2457904.97654 16.304 0.107  H
2457905.95328 16.237 0.100  H
2457907.96133 16.286 0.130  H
2457909.93800 16.328 0.134  H
2457910.92220 16.255 0.101  H
2457911.95945 16.303 0.112  H
2457912.92491 16.302 0.117  H
2457916.94151 16.222 0.104  H
2457917.93876 16.440 0.142  H
2457918.92064 16.319 0.117  H
2457924.90134 16.382 0.156  H
2457926.88487 16.258 0.109  H
2457928.89422 16.307 0.117  H
2457929.88160 16.216 0.107  H
2457931.93329 16.190 0.091  H
2457932.88798 16.272 0.135  H
2457933.86329 16.371 0.150  H
2457934.86178 16.191 0.106  H
2457936.89470 16.181 0.096  H
2457937.85872 16.166 0.100  H
2457939.86672 16.274 0.140  H
2457944.91046 16.222 0.128  H
2457945.89653 16.276 0.101  H
2457948.83324 16.129 0.143  H
2457949.85230 16.090 0.097  H
2457950.83975 15.932 0.078  H
2457953.88875 16.005 0.093  H
2457954.81113 16.079 0.086  H
2457955.82784 15.897 0.079  H
2457958.80439 15.999 0.088  H
2457959.80469 15.841 0.087  H
2457960.81540 15.823 0.076  H
2457961.80675 15.817 0.088  H
2457965.78925 15.795 0.133  H
2457966.79727 15.667 0.071  H
2457970.80624 15.481 0.061  H
2457971.79825 15.462 0.061  H
2457972.78950 15.383 0.054  H
2457974.87204 15.624 0.141  H
2457976.79708 15.460 0.068  H
2457977.78952 15.457 0.058  H
2457978.78334 15.494 0.067  H
2457980.78321 15.554 0.077  H
2457981.78770 15.637 0.088  H
2457982.78632 15.659 0.099  H
2457983.78011 15.710 0.075  H
2457985.83346 15.745 0.076  H
2457988.78390 15.863 0.090  H
2457990.78407 15.938 0.087  H
2457993.83144 16.087 0.102  H
2457492.13718 16.457 0.165  H
2457499.07758 16.593 0.185  H
2457516.00614 16.574 0.158  H
2457517.06203 16.621 0.196  H
2457520.03806 16.700 0.185  H
2457544.06032 16.601 0.210  H
2457556.00892 16.510 0.182  H
2457487.10295 16.295 0.105  H
2457487.14780 16.280 0.106  H
2457488.07849 16.207 0.093  H
2457488.12458 16.269 0.113  H
2457489.08176 16.153 0.100  H
2457489.13724 16.245 0.106  H
2457490.08730 16.198 0.103  H
2457490.13734 16.306 0.102  H
2457491.09650 16.246 0.103  H
2457491.14102 16.369 0.121  H
2457492.09253 16.366 0.138  H
2457492.13718 16.601 0.186  H
2457493.08235 16.368 0.131  H
2457493.12689 16.353 0.144  H
2457494.07316 16.278 0.101  H
2457494.11771 16.285 0.100  H
2457495.07573 16.271 0.110  H
2457495.12663 16.289 0.093  H
2457497.12798 16.369 0.123  H
2457498.04636 16.386 0.131  H
2457498.09170 16.255 0.097  H
2457499.12178 16.476 0.173  H
2457500.05841 16.347 0.116  H
2457500.10445 16.300 0.107  H
2457501.08534 16.378 0.131  H
2457502.09630 16.382 0.134  H
2457503.04666 16.471 0.146  H
2457503.09169 16.296 0.106  H
2457507.04669 16.297 0.107  H
2457507.09771 16.328 0.109  H
2457508.05934 16.300 0.113  H
2457508.10413 16.297 0.121  H
2457509.05040 16.373 0.116  H
2457509.10221 16.253 0.106  H
2457510.02163 16.396 0.130  H
2457510.12756 16.275 0.111  H
2457511.03213 16.438 0.134  H
2457511.08128 16.464 0.164  H
2457512.04037 16.252 0.108  H
2457512.08886 16.302 0.119  H
2457513.01761 16.340 0.116  H
2457513.06560 16.301 0.117  H
2457515.01047 16.328 0.119  H
2457515.05592 16.352 0.116  H
2457516.05190 16.344 0.122  H
2457517.01849 16.338 0.121  H
2457520.08342 16.313 0.115  H
2457521.03805 16.351 0.119  H
2457521.08124 16.285 0.098  H
2457523.05509 16.368 0.122  H
2457523.13114 16.453 0.154  H
2457524.02958 16.289 0.110  H
2457524.09299 16.318 0.116  H
2457526.00669 16.344 0.115  H
2457526.05074 16.348 0.115  H
2457527.06152 16.331 0.112  H
2457527.98566 16.481 0.150  H
2457528.03097 16.426 0.137  H
2457528.98854 16.376 0.110  H
2457529.03655 16.198 0.100  H
2457529.97768 16.381 0.128  H
2457530.03477 16.277 0.119  H
2457531.01320 16.360 0.110  H
2457531.06085 16.237 0.100  H
2457531.99792 16.292 0.110  H
2457532.04509 16.231 0.108  H
2457535.04420 16.348 0.113  H
2457536.02019 16.378 0.126  H
2457536.06865 16.257 0.109  H
2457537.98566 16.522 0.147  H
2457538.07902 16.135 0.100  H
2457539.00362 16.295 0.112  H
2457539.04740 16.283 0.111  H
2457539.95487 16.469 0.147  H
2457540.00333 16.415 0.132  H
2457540.98008 16.367 0.135  H
2457541.03321 16.430 0.165  H
2457541.95593 16.271 0.114  H
2457542.00252 16.228 0.113  H
2457542.05451 16.319 0.130  H
2457542.92991 16.437 0.138  H
2457543.03114 16.380 0.136  H
2457543.96361 16.387 0.145  H
2457544.01291 16.358 0.143  H
2457544.93126 16.332 0.123  H
2457544.98082 16.335 0.125  H
2457545.02478 16.418 0.150  H
2457545.94542 16.358 0.144  H
2457545.99453 16.300 0.113  H
2457546.05125 16.155 0.109  H
2457546.91657 16.286 0.127  H
2457546.96332 16.293 0.137  H
2457547.00784 16.248 0.113  H
2457547.95604 16.284 0.122  H
2457548.00003 16.213 0.111  H
2457548.04676 16.271 0.105  H
2457548.96229 16.292 0.121  H
2457549.00698 16.370 0.137  H
2457549.95183 16.269 0.111  H
2457550.00649 16.151 0.103  H
2457550.05142 16.456 0.144  H
2457550.94187 16.263 0.112  H
2457550.98709 16.268 0.117  H
2457551.03659 16.219 0.119  H
2457554.95187 16.297 0.150  H
2457554.99926 16.381 0.133  H
2457555.04270 16.342 0.141  H
2457555.91331 16.304 0.125  H
2457555.95676 16.419 0.154  H
2457558.92600 16.235 0.093  H
2457558.97255 16.270 0.118  H
2457559.02042 16.461 0.164  H
2457561.92111 16.345 0.137  H
2457561.97102 16.252 0.127  H
2457562.87415 16.351 0.148  H
2457562.92249 16.373 0.136  H
2457562.96794 16.373 0.151  H
2457563.90933 16.236 0.110  H
2457563.95299 16.331 0.120  H
2457564.90608 16.294 0.119  H
2457564.94988 16.267 0.114  H
2457565.00003 16.381 0.122  H
2457567.96271 16.382 0.168  H
2457573.84926 16.293 0.119  H
2457573.89921 16.298 0.125  H
2457573.94657 16.287 0.119  H
2457574.90829 16.412 0.148  H
2457574.95348 16.335 0.130  H
2457575.89039 16.209 0.107  H
2457575.94696 16.240 0.094  H
2457576.86169 16.312 0.126  H
2457576.90861 16.279 0.123  H
2457576.95743 16.280 0.132  H
2457577.83774 16.308 0.136  H
2457577.88425 16.316 0.128  H
2457577.93113 16.457 0.161  H
2458222.06252 16.320 0.127  H
2458234.08598 16.384 0.135  H
2458253.97741 16.223 0.135  H
2458254.98895 16.317 0.121  H
2458257.00258 16.385 0.150  H
2458258.99954 16.406 0.144  H
2458259.99677 16.377 0.133  H
2458260.97129 16.286 0.116  H
2458261.97001 16.340 0.143  H
2458263.95264 16.351 0.128  H
2458264.98488 16.408 0.146  H
2458265.98761 16.309 0.129  H
2458266.93854 16.445 0.145  H
2458271.95476 16.429 0.164  H
2458272.99985 16.300 0.145  H
2458273.95107 16.427 0.164  H
2458279.90699 16.293 0.112  H
2458281.93798 16.400 0.138  H
2458282.90601 16.355 0.122  H
2458283.92666 16.413 0.139  H
2458284.93901 16.312 0.120  H
2458286.94656 16.342 0.133  H
2458291.90072 16.545 0.158  H
2458292.91730 16.412 0.146  H
2458294.90101 16.353 0.117  H
2458298.90218 16.232 0.099  H
2458299.91453 16.472 0.156  H
2458300.91417 16.268 0.105  H
2458303.94268 16.362 0.123  H
2458304.92231 16.234 0.101  H
2458305.86395 16.361 0.135  H
2458308.86707 16.353 0.119  H
2458309.84530 16.295 0.103  H
2458310.86665 16.280 0.106  H
2458311.86976 16.407 0.162  H
2458315.87375 16.315 0.113  H
2458319.89477 16.383 0.128  H
2458321.83000 16.336 0.125  H
2458327.83973 16.238 0.101  H
2458328.78761 16.298 0.154  H
2458330.77862 16.451 0.145  H
2458333.78749 16.448 0.162  H
2458335.83715 16.147 0.203  H
2458336.76765 16.309 0.111  H
2458591.06292 16.480 0.148  H
2458592.06720 16.360 0.140  H
2458593.06289 16.424 0.131  H
2458594.06225 16.362 0.108  H
2458595.05878 16.231 0.102  H
2458599.04362 16.390 0.116  H
2458600.04381 16.354 0.103  H
2458601.03854 16.399 0.125  H
2458605.03551 16.123 0.094  H
2458606.03667 16.326 0.131  H
2458607.02207 16.422 0.123  H
2458611.03189 16.423 0.115  H
2458612.04399 16.275 0.093  H
2458614.01333 16.402 0.129  H
2458614.99750 16.290 0.096  H
2458615.99894 16.312 0.098  H
2458616.98922 16.448 0.144  H
2458618.97525 16.365 0.114  H
2458619.99124 16.314 0.098  H
2458620.99533 16.347 0.117  H
2458621.99622 16.477 0.154  H
2458627.00672 16.264 0.099  H
2458627.98452 16.438 0.148  H
2458629.00283 16.427 0.142  H
2458629.97532 16.395 0.135  H
2458631.97601 16.228 0.093  H
2458632.94374 16.325 0.107  H
2458633.93585 16.398 0.129  H
2458634.95576 16.425 0.151  H
2458636.94146 16.322 0.097  H
2458637.93111 16.391 0.157  H
2458639.95631 16.281 0.098  H
2458641.96310 16.377 0.111  H
2458642.92036 16.451 0.146  H
2458643.95052 16.338 0.108  H
2458644.91093 16.423 0.131  H
2458646.91361 16.302 0.103  H
2458647.93591 16.290 0.102  H
2458648.92649 16.266 0.093  H
2458649.91489 16.418 0.136  H
2458653.90447 16.331 0.106  H
2458654.90355 16.315 0.097  H
2458655.91143 16.357 0.140  H
2458657.00630 16.390 0.108  H
2458659.89870 16.337 0.163  H
2458660.89230 16.339 0.103  H
2458664.84293 16.198 0.096  H
2458664.96494 16.277 0.089  H
2458665.85201 16.483 0.145  H
2458666.84522 16.332 0.108  H
2458666.96427 16.325 0.107  H
2458667.96756 16.232 0.088  H
2458668.85484 16.446 0.137  H
2458669.89337 16.296 0.103  H
2458671.86565 16.314 0.106  H
2458674.83734 16.477 0.151  H
2458675.81346 16.477 0.157  H
2458676.81908 16.272 0.089  H
2458680.88210 16.301 0.104  H
2458708.77081 16.349 0.113  H
2458709.77398 16.389 0.157  H
2458710.77011 16.326 0.129  H
2458711.83555 16.243 0.097  H
2458711.83803 16.244 0.089  H
2458713.86547 16.469 0.155  H
2458714.76569 16.278 0.140  H
2458715.76773 16.329 0.116  H
2458716.83858 16.375 0.141  H
2458717.80976 16.466 0.148  H
2458718.78079 16.339 0.114  H
2458719.77754 16.360 0.133  H
2458721.77877 16.245 0.213  H
2458722.82709 16.435 0.168  H
2458734.77666 16.460 0.144  H
2458736.74402 16.440 0.133  H
2457882.05469 16.189 0.134  K
2457887.07613 16.368 0.170  K
2457894.02257 16.129 0.123  K
2457903.96068 16.186 0.149  K
2457920.98517 16.112 0.129  K
2457925.94888 16.029 0.116  K
2457930.88953 16.169 0.148  K
2457935.91986 16.028 0.132  K
2457947.92865 15.915 0.121  K
2457957.81070 16.019 0.157  K
2457967.84182 15.440 0.067  K
2457979.83085 15.352 0.074  K
2458263.04350 16.181 0.151  K
2458275.99216 16.116 0.140  K
2458285.92069 16.196 0.162  K
2458290.94487 16.193 0.136  K
2458307.94469 16.127 0.133  K
2458312.83999 16.149 0.148  K
2458329.85381 16.122 0.147  K
2458613.03418 16.092 0.118  K
2458618.04413 16.165 0.155  K
2458623.05068 16.221 0.131  K
2458631.00633 16.087 0.118  K
2458645.96383 16.291 0.170  K
2458662.98314 16.037 0.121  K
2458667.83995 16.204 0.135  K
