2457864.02340 12.391 0.040  K
2457864.06234 12.372 0.035  K
2457864.10809 12.364 0.046  K
2457865.01801 12.385 0.033  K
2457865.09974 12.373 0.061  K
2457878.01535 12.349 0.044  K
2457878.05993 12.366 0.058  K
2457878.10358 12.381 0.049  K
2457878.98489 12.330 0.050  K
2457879.02471 12.342 0.040  K
2457879.07580 12.335 0.044  K
2457879.99268 12.325 0.046  K
2457880.08285 12.334 0.057  K
2457880.98613 12.320 0.058  K
2457881.02878 12.336 0.045  K
2457881.07256 12.329 0.066  K
2457882.00427 12.342 0.038  K
2457882.00557 12.349 0.046  K
2457882.00688 12.324 0.041  K
2457882.97179 12.381 0.045  K
2457883.05724 12.359 0.044  K
2457883.98717 12.321 0.051  K
2457884.02752 12.341 0.044  K
2457884.07875 12.344 0.040  K
2457885.00357 12.351 0.031  K
2457885.04385 12.321 0.051  K
2457885.09327 12.353 0.042  K
2457885.99690 12.343 0.034  K
2457886.08692 12.378 0.061  K
2457887.00892 12.362 0.070  K
2457887.01022 12.374 0.076  K
2457887.01152 12.365 0.066  K
2457890.94767 12.323 0.040  K
2457890.98933 12.327 0.042  K
2457891.03284 12.322 0.053  K
2457891.94944 12.314 0.048  K
2457892.03774 12.301 0.064  K
2457892.95248 12.319 0.055  K
2457892.99106 12.326 0.044  K
2457893.04261 12.347 0.050  K
2457893.96892 12.325 0.052  K
2457893.97024 12.322 0.042  K
2457893.97154 12.341 0.053  K
2457894.93733 12.311 0.050  K
2457895.07324 12.315 0.045  K
2457897.94676 12.322 0.043  K
2457898.03613 12.349 0.040  K
2457898.98999 12.306 0.056  K
2457898.99128 12.312 0.052  K
2457898.99260 12.313 0.044  K
2457899.96734 12.300 0.047  K
2457900.00643 12.305 0.049  K
2457900.05628 12.326 0.045  K
2457900.94154 12.311 0.046  K
2457901.03218 12.356 0.030  K
2457901.95474 12.304 0.045  K
2457902.00201 12.315 0.037  K
2457902.05546 12.308 0.048  K
2457902.94231 12.299 0.044  K
2457903.92715 12.349 0.041  K
2457904.02455 12.294 0.048  K
2457904.94897 12.300 0.052  K
2457904.98758 12.324 0.046  K
2457905.03669 12.301 0.050  K
2457905.92574 12.296 0.051  K
2457905.96427 12.291 0.058  K
2457906.01848 12.281 0.053  K
2457907.93389 12.336 0.045  K
2457907.97234 12.299 0.042  K
2457908.02439 12.339 0.032  K
2457909.91085 12.295 0.033  K
2457909.99873 12.290 0.043  K
2457910.89454 12.299 0.065  K
2457910.93321 12.300 0.039  K
2457910.98826 12.293 0.036  K
2457911.97044 12.288 0.038  K
2457912.89775 12.288 0.038  K
2457912.97915 12.323 0.072  K
2457916.90898 12.272 0.056  K
2457916.95331 12.293 0.038  K
2457917.00303 12.284 0.054  K
2457917.90594 12.282 0.023  K
2457917.94998 12.305 0.053  K
2457917.99777 12.268 0.051  K
2457918.89324 12.281 0.040  K
2457918.97986 12.278 0.047  K
2457920.92647 12.282 0.030  K
2457920.92778 12.282 0.059  K
2457920.92909 12.294 0.057  K
2457924.87436 12.283 0.048  K
2457924.95792 12.270 0.051  K
2457925.89350 12.259 0.051  K
2457925.89479 12.262 0.038  K
2457925.89610 12.259 0.053  K
2457926.85729 12.250 0.046  K
2457926.89589 12.260 0.039  K
2457926.94550 12.259 0.049  K
2457927.89045 12.235 0.060  K
2457927.97652 12.255 0.051  K
2457928.86258 12.284 0.045  K
2457928.90519 12.263 0.034  K
2457928.95603 12.227 0.060  K
2457929.85406 12.234 0.050  K
2457929.89939 12.251 0.036  K
2457929.94939 12.232 0.057  K
2457930.86215 12.233 0.043  K
2457930.94860 12.248 0.043  K
2457931.90557 12.238 0.046  K
2457931.94805 12.250 0.041  K
2457932.85414 12.246 0.049  K
2457932.89892 12.276 0.058  K
2457932.94660 12.271 0.081  K
2457933.83610 12.265 0.036  K
2457933.92298 12.257 0.040  K
2457934.83419 12.232 0.043  K
2457934.87270 12.227 0.032  K
2457934.91630 12.218 0.047  K
2457935.86459 12.250 0.044  K
2457935.86589 12.261 0.047  K
2457935.86720 12.255 0.051  K
2457936.86767 12.235 0.045  K
2457936.95289 12.232 0.030  K
2457937.83074 12.211 0.036  K
2457937.86988 12.210 0.039  K
2457937.92227 12.205 0.051  K
2457939.83964 12.250 0.085  K
2457939.92538 12.288 0.027  K
2457944.86825 12.196 0.032  K
2457944.92142 12.209 0.049  K
2457945.85723 12.197 0.034  K
2457945.95402 12.197 0.021  K
2457947.87523 12.189 0.056  K
2457947.87652 12.200 0.040  K
2457947.87782 12.207 0.056  K
2457948.80604 12.168 0.073  K
2457948.89460 12.199 0.072  K
2457949.82445 12.194 0.058  K
2457949.86420 12.165 0.022  K
2457949.90896 12.188 0.036  K
2457950.80897 12.159 0.039  K
2457950.85344 12.160 0.032  K
2457950.89702 12.173 0.031  K
2457951.80428 12.150 0.032  K
2457951.89031 12.166 0.036  K
2457952.86078 12.142 0.038  K
2457952.86209 12.135 0.037  K
2457952.86349 12.146 0.029  K
2457953.85659 12.147 0.037  K
2457953.89968 12.132 0.036  K
2457953.94459 12.156 0.032  K
2457954.78394 12.154 0.030  K
2457954.86564 12.148 0.029  K
2457955.80034 12.130 0.030  K
2457955.83876 12.127 0.044  K
2457955.88220 12.147 0.053  K
2457957.78083 12.133 0.070  K
2457957.86524 12.164 0.067  K
2457958.77653 12.108 0.040  K
2457958.81530 12.111 0.036  K
2457958.86309 12.102 0.040  K
2457959.77678 12.139 0.049  K
2457959.81846 12.129 0.048  K
2457959.86281 12.109 0.049  K
2457960.78044 12.150 0.041  K
2457960.87314 12.100 0.034  K
2457961.77576 12.127 0.059  K
2457961.82088 12.134 0.058  K
2457961.86797 12.108 0.059  K
2457964.77473 12.081 0.036  K
2457964.81901 12.069 0.038  K
2457964.86282 12.091 0.028  K
2457965.76167 12.067 0.055  K
2457965.80103 12.093 0.062  K
2457965.85551 12.094 0.058  K
2457966.76824 12.109 0.040  K
2457966.85246 12.072 0.043  K
2457967.79051 12.052 0.050  K
2457967.79182 12.057 0.036  K
2457967.79313 12.041 0.052  K
2457970.77245 12.032 0.055  K
2457970.82012 12.052 0.051  K
2457970.87508 12.020 0.030  K
2457971.77061 12.027 0.065  K
2457971.81011 12.018 0.031  K
2457971.85979 12.008 0.035  K
2457972.76024 12.039 0.052  K
2457972.84331 12.061 0.031  K
2457974.85737 11.982 0.042  K
2457976.76551 11.942 0.055  K
2457976.81535 11.952 0.048  K
2457976.86291 11.955 0.045  K
2457977.75960 11.974 0.037  K
2457977.80549 11.948 0.055  K
2457977.84909 11.950 0.044  K
2457978.75591 11.941 0.055  K
2457978.84565 11.925 0.052  K
2457979.77946 11.945 0.039  K
2457979.78077 11.930 0.032  K
2457979.78208 11.938 0.034  K
2457980.75547 11.950 0.036  K
2457980.79417 11.916 0.032  K
2457980.84275 11.926 0.032  K
2457981.76031 11.921 0.057  K
2457981.84813 11.915 0.030  K
2457982.75864 11.903 0.059  K
2457982.79723 11.931 0.062  K
2458222.04605 12.427 0.066  K
2458222.11825 12.399 0.036  K
2458226.04729 12.433 0.098  K
2458234.06966 12.457 0.069  K
2458236.09064 12.448 0.059  K
2458236.09193 12.457 0.068  K
2458236.09325 12.460 0.062  K
2458253.96084 12.442 0.044  K
2458253.98864 12.447 0.048  K
2458254.04643 12.435 0.038  K
2458254.97159 12.419 0.059  K
2458255.04490 12.426 0.072  K
2458255.96454 12.427 0.048  K
2458256.98603 12.450 0.067  K
2458257.01397 12.421 0.057  K
2458257.05903 12.432 0.047  K
2458257.97458 12.433 0.084  K
2458258.04584 12.434 0.066  K
2458258.98303 12.486 0.084  K
2458259.01075 12.447 0.068  K
2458259.05989 12.452 0.072  K
2458259.98025 12.438 0.061  K
2458260.00811 12.436 0.059  K
2458260.05287 12.429 0.070  K
2458260.95457 12.420 0.026  K
2458261.03025 12.411 0.029  K
2458261.95303 12.417 0.029  K
2458261.98149 12.440 0.059  K
2458262.03596 12.413 0.031  K
2458263.00327 12.440 0.045  K
2458263.00459 12.434 0.046  K
2458263.00589 12.430 0.032  K
2458263.93547 12.455 0.056  K
2458264.00830 12.440 0.051  K
2458264.96131 12.456 0.084  K
2458264.99652 12.454 0.060  K
2458265.04001 12.426 0.058  K
2458265.97128 12.420 0.045  K
2458265.99915 12.430 0.035  K
2458266.05024 12.433 0.055  K
2458266.92046 12.445 0.082  K
2458266.99257 12.439 0.069  K
2458271.93821 12.435 0.074  K
2458271.96699 12.448 0.072  K
2458272.02893 12.429 0.054  K
2458272.98319 12.454 0.074  K
2458273.01738 12.436 0.033  K
2458273.06177 12.439 0.064  K
2458273.93473 12.442 0.072  K
2458274.00596 12.434 0.077  K
2458274.90844 12.451 0.096  K
2458274.93893 12.426 0.077  K
2458274.98692 12.448 0.080  K
2458275.94888 12.445 0.085  K
2458275.95018 12.434 0.082  K
2458275.95147 12.435 0.063  K
2458279.89036 12.420 0.059  K
2458279.96848 12.414 0.037  K
2458281.92684 12.431 0.063  K
2458281.97119 12.417 0.054  K
2458282.88879 12.413 0.043  K
2458282.96499 12.408 0.034  K
2458283.91512 12.424 0.057  K
2458283.96403 12.431 0.049  K
2458284.92759 12.421 0.048  K
2458284.97649 12.438 0.046  K
2458285.91441 12.420 0.041  K
2458285.98780 12.436 0.064  K
2458286.93528 12.425 0.035  K
2458286.98078 12.413 0.038  K
2458290.89777 12.390 0.050  K
2458290.89908 12.399 0.049  K
2458290.90037 12.399 0.040  K
2458291.88437 12.427 0.056  K
2458291.96002 12.365 0.068  K
2458292.90264 12.425 0.046  K
2458292.95034 12.433 0.076  K
2458293.86505 12.421 0.049  K
2458293.91694 12.477 0.059  K
2458294.88395 12.417 0.040  K
2458294.96488 12.413 0.036  K
2458298.88597 12.416 0.029  K
2458298.93589 12.420 0.043  K
2458299.90093 12.445 0.065  K
2458299.95055 12.429 0.068  K
2458300.89707 12.433 0.033  K
2458300.97952 12.448 0.047  K
2458303.92606 12.418 0.030  K
2458304.90633 12.418 0.034  K
2458304.95719 12.424 0.034  K
2458305.84719 12.432 0.039  K
2458305.87483 12.428 0.084  K
2458305.93411 12.423 0.033  K
2458307.87946 12.442 0.073  K
2458307.88078 12.426 0.056  K
2458307.88207 12.452 0.052  K
2458308.85069 12.425 0.046  K
2458308.87799 12.429 0.041  K
2458308.92551 12.442 0.053  K
2458309.82512 12.423 0.060  K
2458309.90627 12.423 0.028  K
2458310.84923 12.454 0.062  K
2458310.87769 12.442 0.037  K
2458310.92888 12.414 0.030  K
2458311.85278 12.447 0.062  K
2458311.88090 12.469 0.083  K
2458311.93049 12.424 0.056  K
2458312.83459 12.422 0.042  K
2458312.90397 12.441 0.062  K
2458315.85730 12.422 0.038  K
2458315.93020 12.425 0.037  K
2458316.86354 12.442 0.083  K
2458316.89253 12.447 0.073  K
2458316.94228 12.433 0.090  K
2458317.89804 12.389 0.087  K
2458317.89935 12.433 0.067  K
2458319.87835 12.422 0.078  K
2458319.90616 12.415 0.053  K
2458321.81372 12.428 0.052  K
2458321.88835 12.427 0.048  K
2458327.82009 12.427 0.035  K
2458327.89974 12.431 0.036  K
2458328.76803 12.433 0.065  K
2458328.79856 12.448 0.060  K
2458328.84524 12.461 0.063  K
2458329.81149 12.464 0.048  K
2458329.81281 12.440 0.035  K
2458329.81411 12.431 0.035  K
2458330.76229 12.441 0.053  K
2458330.84126 12.448 0.045  K
2458331.76281 12.416 0.073  K
2458331.79695 12.385 0.103  K
2458331.84555 12.455 0.092  K
2458332.79486 12.448 0.086  K
2458333.75726 12.428 0.055  K
2458333.84993 12.432 0.061  K
2458335.82072 12.445 0.047  K
2458335.84804 12.436 0.064  K
2458335.89703 12.452 0.053  K
2458336.75122 12.437 0.049  K
2458336.82927 12.428 0.030  K
2458590.03515 12.400 0.043  K
2458590.06428 12.412 0.032  K
2458590.11213 12.408 0.027  K
2458591.04668 12.428 0.065  K
2458591.07421 12.443 0.056  K
2458591.12791 12.445 0.057  K
2458592.05087 12.433 0.074  K
2458592.12188 12.459 0.062  K
2458593.04633 12.443 0.056  K
2458593.07422 12.444 0.050  K
2458593.11905 12.479 0.056  K
2458594.04570 12.429 0.037  K
2458594.07362 12.431 0.036  K
2458594.11778 12.445 0.041  K
2458595.04223 12.396 0.028  K
2458595.11407 12.421 0.031  K
2458599.02677 12.417 0.026  K
2458599.05496 12.425 0.024  K
2458599.10631 12.419 0.028  K
2458600.02724 12.432 0.035  K
2458600.05502 12.443 0.041  K
2458600.10659 12.421 0.031  K
2458601.02203 12.444 0.059  K
2458601.10600 12.432 0.033  K
2458605.01670 12.405 0.028  K
2458605.04693 12.402 0.028  K
2458605.09104 12.412 0.031  K
2458606.02014 12.426 0.044  K
2458606.05383 12.432 0.037  K
2458606.10217 12.426 0.032  K
2458607.00551 12.424 0.034  K
2458607.09469 12.419 0.027  K
2458611.01505 12.419 0.025  K
2458611.04335 12.416 0.037  K
2458611.09228 12.419 0.067  K
2458612.02701 12.404 0.031  K
2458612.05556 12.419 0.035  K
2458612.10745 12.415 0.028  K
2458613.02871 12.429 0.033  K
2458613.10337 12.419 0.033  K
2458613.99675 12.414 0.028  K
2458614.02511 12.422 0.041  K
2458614.07116 12.438 0.031  K
2458614.98078 12.428 0.039  K
2458615.00898 12.415 0.030  K
2458615.05705 12.433 0.051  K
2458615.98214 12.437 0.023  K
2458616.05808 12.424 0.024  K
2458616.97264 12.434 0.042  K
2458617.00043 12.445 0.064  K
2458617.04465 12.441 0.052  K
2458618.00330 12.430 0.065  K
2458618.00463 12.440 0.053  K
2458618.00595 12.422 0.052  K
2458618.95853 12.417 0.042  K
2458619.03509 12.436 0.028  K
2458619.97462 12.411 0.033  K
2458620.00242 12.409 0.036  K
2458620.05646 12.417 0.043  K
2458620.97842 12.428 0.044  K
2458621.00657 12.413 0.039  K
2458621.05700 12.421 0.024  K
2458621.97877 12.455 0.045  K
2458622.05609 12.445 0.069  K
2458623.00044 12.432 0.041  K
2458623.00175 12.444 0.037  K
2458623.00306 12.427 0.050  K
2458626.98971 12.420 0.033  K
2458627.01808 12.415 0.036  K
2458627.06711 12.428 0.035  K
2458627.96751 12.448 0.075  K
2458627.99599 12.434 0.050  K
2458628.04810 12.435 0.040  K
2458628.98555 12.427 0.027  K
2458629.06649 12.437 0.052  K
2458629.95848 12.454 0.051  K
2458629.98658 12.425 0.034  K
2458630.03492 12.430 0.063  K
2458630.96261 12.410 0.040  K
2458630.96394 12.407 0.036  K
2458630.96528 12.408 0.038  K
2458631.95926 12.413 0.033  K
2458632.03986 12.439 0.036  K
2458632.92672 12.404 0.034  K
2458632.95687 12.416 0.034  K
2458633.00307 12.414 0.030  K
2458633.91887 12.442 0.037  K
2458633.94811 12.438 0.040  K
2458633.99628 12.423 0.083  K
2458634.93908 12.435 0.036  K
2458635.01962 12.436 0.055  K
2458635.94801 12.440 0.044  K
2458635.94933 12.446 0.042  K
2458635.95067 12.443 0.043  K
2458636.92453 12.425 0.028  K
2458636.95269 12.424 0.033  K
2458637.00333 12.418 0.031  K
2458637.91057 12.430 0.055  K
2458637.98648 12.413 0.035  K
2458639.93886 12.432 0.023  K
2458639.96768 12.415 0.025  K
2458640.03962 12.417 0.031  K
2458641.94616 12.430 0.043  K
2458641.97447 12.432 0.049  K
2458642.01954 12.427 0.037  K
2458642.90332 12.439 0.048  K
2458642.94178 12.430 0.044  K
2458642.98608 12.433 0.052  K
2458643.93310 12.405 0.034  K
2458644.00784 12.422 0.031  K
2458644.89348 12.422 0.032  K
2458644.92208 12.429 0.045  K
2458644.97060 12.413 0.040  K
2458645.91345 12.441 0.046  K
2458645.91478 12.452 0.034  K
2458645.91610 12.428 0.049  K
2458646.89685 12.401 0.041  K
2458646.97756 12.428 0.038  K
2458647.91917 12.422 0.041  K
2458647.94720 12.424 0.034  K
2458647.99837 12.429 0.020  K
2458648.90977 12.413 0.037  K
2458648.93776 12.421 0.034  K
2458648.98869 12.407 0.039  K
2458649.89767 12.443 0.038  K
2458649.97443 12.441 0.058  K
2458653.88789 12.442 0.047  K
2458653.91563 12.421 0.034  K
2458653.96663 12.422 0.048  K
2458654.88691 12.414 0.034  K
2458654.91473 12.425 0.027  K
2458654.96447 12.414 0.033  K
2458655.89481 12.427 0.042  K
2458656.88756 12.437 0.042  K
2458659.88208 12.456 0.069  K
2458659.90984 12.443 0.056  K
2458659.95862 12.461 0.067  K
2458660.87571 12.448 0.041  K
2458660.90896 12.423 0.029  K
2458660.95332 12.488 0.033  K
2458662.93660 12.438 0.045  K
2458662.93792 12.430 0.049  K
2458662.93925 12.422 0.046  K
2458664.82587 12.408 0.034  K
2458664.90190 12.420 0.027  K
2458664.94830 12.399 0.034  K
2458664.97611 12.402 0.041  K
2458665.83498 12.442 0.050  K
2458665.86313 12.420 0.047  K
2458665.91616 12.427 0.039  K
2458665.95543 12.420 0.039  K
2458666.82826 12.420 0.027  K
2458666.85636 12.431 0.031  K
2458666.90455 12.417 0.021  K
2458666.94761 12.406 0.040  K
2458666.97556 12.404 0.034  K
2458667.83413 12.421 0.028  K
2458667.90766 12.408 0.035  K
2458667.95083 12.405 0.033  K
2458667.97911 12.412 0.027  K
2458668.83800 12.445 0.047  K
2458668.86598 12.455 0.047  K
2458668.91562 12.455 0.052  K
2458669.87629 12.412 0.046  K
2458669.90492 12.408 0.023  K
2458669.95256 12.415 0.047  K
2458671.84789 12.422 0.038  K
2458671.87678 12.414 0.032  K
2458671.92536 12.414 0.037  K
2458672.87178 12.428 0.074  K
2458672.87312 12.435 0.045  K
2458672.87447 12.432 0.068  K
2458674.81451 12.437 0.054  K
2458674.84849 12.430 0.062  K
2458674.90038 12.429 0.070  K
2458675.79302 12.428 0.060  K
2458675.82529 12.428 0.053  K
2458675.86947 12.425 0.048  K
2458676.79663 12.414 0.035  K
2458676.87856 12.409 0.028  K
2458677.85949 12.446 0.044  K
2458677.86081 12.433 0.062  K
2458677.86213 12.444 0.053  K
2458680.86534 12.418 0.033  K
2458680.89321 12.429 0.029  K
2458680.94177 12.428 0.035  K
2458708.74627 12.488 0.054  K
2458708.78310 12.435 0.041  K
2458708.84552 12.452 0.044  K
2458709.75089 12.438 0.062  K
2458709.78507 12.429 0.056  K
2458709.83263 12.429 0.067  K
2458710.75337 12.432 0.034  K
2458710.78155 12.429 0.052  K
2458710.83824 12.438 0.050  K
2458711.81619 12.431 0.021  K
2458711.84920 12.438 0.028  K
2458712.78929 12.427 0.064  K
2458712.84533 12.386 0.068  K
2458713.84803 12.446 0.051  K
2458714.74465 12.444 0.051  K
2458714.78024 12.448 0.050  K
2458714.83425 12.433 0.064  K
2458715.74453 12.415 0.067  K
2458715.77908 12.431 0.073  K
2458715.82663 12.406 0.072  K
2458716.82183 12.409 0.058  K
2458716.85010 12.435 0.055  K
2458717.79285 12.438 0.066  K
2458717.82664 12.441 0.062  K
2458718.76395 12.447 0.034  K
2458718.79845 12.524 0.095  K
2458718.84293 12.426 0.052  K
2458719.76080 12.459 0.049  K
2458719.79486 12.448 0.046  K
2458719.83952 12.435 0.034  K
2458721.75817 12.446 0.016  K
2458721.78992 12.432 0.042  K
2458721.83721 12.458 0.047  K
2458722.81017 12.458 0.045  K
2458722.83902 12.450 0.088  K
2458724.75504 12.441 0.042  K
2458724.79267 12.456 0.056  K
2458724.83831 12.445 0.042  K
2458733.76602 12.423 0.049  K
2458734.75986 12.464 0.052  K
2458734.79555 12.456 0.061  K
2458736.72723 12.380 0.118  K
2458736.75912 12.462 0.039  K
2458736.80836 12.464 0.049  K
