2457864.00719 12.351 0.034  H
2457865.00175 12.352 0.023  H
2457877.99749 12.276 0.032  H
2457878.96861 12.263 0.034  H
2457879.97636 12.235 0.032  H
2457880.96950 12.248 0.026  H
2457882.95446 12.266 0.034  H
2457883.96972 12.218 0.024  H
2457884.98204 12.234 0.034  H
2457885.97891 12.201 0.039  H
2457890.93137 12.179 0.039  H
2457891.93309 12.148 0.034  H
2457892.93580 12.181 0.041  H
2457894.91672 12.174 0.026  H
2457897.92933 12.155 0.037  H
2457899.95069 12.166 0.034  H
2457900.92449 12.160 0.024  H
2457901.93825 12.172 0.034  H
2457902.92417 12.158 0.032  H
2457904.93267 12.182 0.031  H
2457905.90905 12.146 0.034  H
2457907.91067 12.166 0.043  H
2457909.89203 12.175 0.029  H
2457910.87758 12.143 0.034  H
2457911.91555 12.171 0.023  H
2457912.88036 12.154 0.039  H
2457916.89237 12.154 0.023  H
2457917.88925 12.135 0.034  H
2457918.87620 12.160 0.028  H
2457924.85781 12.101 0.041  H
2457926.84090 12.090 0.028  H
2457927.87416 12.085 0.036  H
2457928.84623 12.071 0.030  H
2457929.83660 12.059 0.019  H
2457931.85495 12.011 0.032  H
2457932.83761 12.029 0.031  H
2457933.81804 12.003 0.037  H
2457934.81745 11.997 0.030  H
2457936.85132 11.954 0.026  H
2457937.81408 11.912 0.032  H
2457939.82228 11.877 0.034  H
2457943.78464 11.789 0.023  H
2457944.84922 11.787 0.034  H
2457945.84070 11.727 0.021  H
2457948.78956 11.625 0.042  H
2457949.80734 11.608 0.037  H
2457950.79183 11.599 0.022  H
2457951.78790 11.578 0.027  H
2457953.84024 11.541 0.033  H
2457954.76752 11.512 0.034  H
2457955.78334 11.489 0.043  H
2457958.75694 11.420 0.030  H
2457959.75633 11.372 0.051  H
2457960.75823 11.428 0.018  H
2457961.75493 11.381 0.032  H
2457964.75838 11.315 0.037  H
2457965.74522 11.306 0.031  H
2457966.75150 11.272 0.032  H
2457970.75102 11.219 0.021  H
2457971.75366 11.207 0.032  H
2458281.89335 12.376 0.027  H
2458283.88170 12.432 0.027  H
2458284.89084 12.420 0.025  H
2458286.89862 12.422 0.034  H
2458292.86929 12.422 0.034  H
2458293.83222 12.115 0.032  H
2458298.85290 12.453 0.022  H
2458299.86689 12.468 0.034  H
2458304.87357 12.457 0.016  H
