2457864.09829 17.076 0.136  H
2457865.08997 17.192 0.168  H
2457878.09379 17.225 0.194  H
2457879.06602 17.309 0.169  H
2457880.07303 17.570 0.223  H
2457881.06281 16.938 0.120  H
2457884.06831 17.101 0.152  H
2457885.07941 17.287 0.186  H
2457892.02795 17.113 0.155  H
2457895.06349 17.180 0.170  H
2457902.04574 17.096 0.151  H
2457905.02689 17.228 0.179  H
2457916.98712 17.278 0.170  H
2457927.96638 17.465 0.195  H
2457928.94530 17.121 0.152  H
2457929.93977 17.264 0.176  H
2457934.90667 16.999 0.147  H
2457936.94330 17.007 0.153  H
2457937.91254 16.871 0.124  H
2457948.88503 16.790 0.172  H
2457949.89937 16.514 0.096  H
2457950.88745 16.648 0.105  H
2457953.93503 15.805 0.057  H
2457954.85608 16.165 0.067  H
2457955.87262 16.731 0.186  H
2457958.85357 16.769 0.135  H
2457960.86359 16.983 0.129  H
2457961.85843 17.167 0.173  H
2457977.83949 17.123 0.142  H
2457978.83616 17.089 0.142  H
2457990.79086 17.192 0.172  H
2457992.79814 17.167 0.157  H
2458222.10830 16.944 0.135  H
2458261.02030 17.113 0.147  H
2458298.90901 17.219 0.187  H
2458304.92904 17.088 0.145  H
2458305.92431 17.228 0.174  H
2458309.89669 17.324 0.190  H
2458310.91931 17.174 0.160  H
2458336.81978 17.241 0.173  H
2458590.10234 17.371 0.179  H
2458605.08113 17.291 0.171  H
2458632.02232 17.261 0.167  H
2458664.89217 17.304 0.173  H
2458665.90631 17.350 0.193  H
2458666.89479 17.437 0.197  H
2457882.09316 17.006 0.176  K
2457957.85588 16.863 0.185  K
2457967.87245 16.951 0.180  K
2457979.85903 16.943 0.167  K
2458290.97571 17.133 0.206  K
