2457864.02340 16.189 0.148  K
2457865.09974 16.487 0.222  K
2457878.10358 16.351 0.186  K
2457880.08285 16.050 0.140  K
2457880.98613 16.038 0.140  K
2457881.02878 16.047 0.128  K
2457881.07256 15.937 0.138  K
2457885.04385 16.006 0.131  K
2457886.08692 16.328 0.208  K
2457887.00892 16.325 0.227  K
2457891.03284 15.936 0.127  K
2457892.03774 15.917 0.139  K
2457894.93733 16.061 0.161  K
2457898.98999 15.016 0.088  K
2457898.99128 15.067 0.086  K
2457898.99260 15.074 0.078  K
2457899.96734 15.402 0.096  K
2457900.00643 15.374 0.096  K
2457900.05628 15.461 0.098  K
2457900.94154 15.536 0.106  K
2457901.03218 15.510 0.089  K
2457901.95474 15.515 0.097  K
2457902.00201 15.533 0.091  K
2457902.05546 15.561 0.101  K
2457902.94231 15.634 0.103  K
2457903.92715 15.621 0.102  K
2457904.02455 15.418 0.094  K
2457904.94897 15.600 0.108  K
2457904.98758 15.581 0.108  K
2457905.03669 15.589 0.108  K
2457905.92574 15.589 0.106  K
2457905.96427 15.574 0.112  K
2457906.01848 15.386 0.098  K
2457907.93389 15.604 0.123  K
2457907.97234 15.562 0.104  K
2457908.02439 15.593 0.094  K
2457909.91085 15.511 0.091  K
2457909.99873 15.495 0.097  K
2457910.89454 15.554 0.124  K
2457910.93321 15.500 0.093  K
2457910.98826 15.428 0.085  K
2457911.97044 15.438 0.087  K
2457912.89775 15.423 0.090  K
2457912.97915 15.457 0.146  K
2457917.94998 16.160 0.190  K
2457927.89045 15.982 0.140  K
2457928.95603 15.970 0.139  K
2457932.85414 16.269 0.176  K
2457933.83610 16.334 0.165  K
2457935.86459 16.306 0.177  K
2457935.86589 16.254 0.171  K
2457935.86720 16.266 0.176  K
2457936.86767 16.306 0.174  K
2457937.83074 16.117 0.125  K
2457937.92227 16.090 0.136  K
2457945.95402 16.173 0.127  K
2457947.87523 16.342 0.192  K
2457947.87652 16.344 0.175  K
2457947.87782 16.447 0.212  K
2457948.89460 16.378 0.229  K
2457949.82445 16.391 0.202  K
2457949.90896 16.385 0.174  K
2457950.80897 16.140 0.133  K
2457951.89031 16.240 0.151  K
2457953.85659 16.224 0.145  K
2457953.94459 16.249 0.143  K
2457955.88220 16.327 0.188  K
2457958.77653 16.146 0.137  K
2457958.86309 16.092 0.126  K
2457959.77678 16.414 0.211  K
2457959.81846 16.538 0.221  K
2457960.78044 16.273 0.157  K
2457961.77576 16.281 0.187  K
2457961.82088 16.400 0.199  K
2457961.86797 16.413 0.203  K
2457965.85551 16.332 0.199  K
2457966.76824 16.316 0.173  K
2457966.85246 16.459 0.196  K
2457970.77245 16.317 0.191  K
2457970.87508 16.246 0.139  K
2457971.77061 16.377 0.197  K
2457971.85979 16.273 0.154  K
2457972.76024 16.371 0.197  K
2457976.76551 16.163 0.148  K
2457977.80549 16.202 0.156  K
2457978.84565 16.151 0.144  K
2457979.77946 16.284 0.150  K
2457979.78208 16.237 0.145  K
2457980.75547 16.291 0.169  K
2457980.84275 16.189 0.134  K
2457981.76031 16.535 0.242  K
2457981.84813 16.241 0.138  K
2457982.75864 16.527 0.238  K
2457982.79723 16.604 0.250  K
2457983.75246 16.419 0.194  K
2457983.79102 16.306 0.157  K
2457985.79159 16.326 0.158  K
2457985.85371 16.389 0.180  K
2457988.77285 16.342 0.181  K
2457988.82531 16.480 0.220  K
2457989.77203 16.320 0.159  K
2457989.81651 16.409 0.202  K
2457990.81722 16.420 0.205  K
2457991.77375 16.300 0.146  K
2457991.81785 16.503 0.226  K
2457992.77325 16.173 0.140  K
2457992.82505 16.223 0.143  K
2457993.81960 16.428 0.230  K
2458008.71770 16.184 0.179  K
2458011.71494 16.131 0.149  K
2458013.70867 16.218 0.153  K
2458019.70490 16.102 0.135  K
2458019.70615 16.112 0.134  K
2458021.70522 16.169 0.146  K
2458025.71712 16.258 0.166  K
2458027.70567 16.246 0.146  K
2458029.70486 16.117 0.122  K
2458036.69178 16.185 0.191  K
2458036.69303 16.272 0.201  K
2458037.69479 16.108 0.149  K
2458037.69603 16.091 0.147  K
2458222.04605 16.473 0.216  K
2458222.11825 16.221 0.135  K
2458234.06966 16.615 0.276  K
2458236.09064 16.543 0.252  K
2458236.09193 16.377 0.252  K
2458236.09325 16.444 0.259  K
2458253.96084 16.511 0.195  K
2458253.98864 16.583 0.216  K
2458254.97159 16.382 0.194  K
2458255.96454 16.465 0.194  K
2458256.98603 16.478 0.221  K
2458258.04584 16.484 0.235  K
2458258.98303 16.542 0.272  K
2458259.01075 16.539 0.231  K
2458259.05989 16.401 0.217  K
2458259.98025 16.406 0.199  K
2458260.00811 16.281 0.181  K
2458260.05287 16.597 0.255  K
2458261.95303 16.295 0.144  K
2458261.98149 16.372 0.190  K
2458262.03596 16.311 0.147  K
2458263.00327 16.418 0.182  K
2458263.93547 16.742 0.281  K
2458264.00830 16.473 0.229  K
2458264.99652 16.308 0.207  K
2458265.04001 16.443 0.204  K
2458265.99915 16.404 0.167  K
2458266.05024 16.422 0.205  K
2458266.99257 16.458 0.230  K
2458271.93821 16.545 0.252  K
2458272.02893 16.429 0.207  K
2458273.01738 16.406 0.165  K
2458273.06177 16.513 0.231  K
2458275.95018 16.575 0.272  K
2458275.95147 16.521 0.237  K
2458281.92684 16.494 0.218  K
2458282.88879 16.397 0.169  K
2458283.96403 16.451 0.194  K
2458285.98780 16.457 0.226  K
2458286.93528 16.439 0.184  K
2458286.98078 16.448 0.178  K
2458291.88437 16.498 0.220  K
2458292.90264 16.478 0.201  K
2458292.95034 16.580 0.258  K
2458298.93589 16.336 0.166  K
2458299.90093 16.585 0.238  K
2458299.95055 16.506 0.248  K
2458300.89707 16.321 0.152  K
2458300.97952 16.475 0.193  K
2458303.92606 16.307 0.158  K
2458305.84719 16.310 0.161  K
2458305.93411 16.284 0.146  K
2458307.88078 16.429 0.225  K
2458307.88207 16.395 0.194  K
2458308.85069 16.415 0.191  K
2458308.87799 16.380 0.169  K
2458308.92551 16.506 0.218  K
2458309.82512 16.391 0.207  K
2458310.87769 16.517 0.207  K
2458310.92888 16.327 0.150  K
2458311.88090 16.506 0.277  K
2458312.83459 16.407 0.196  K
2458315.93020 16.284 0.153  K
2458321.81372 16.440 0.198  K
2458321.88835 16.334 0.170  K
2458327.89974 16.358 0.162  K
2458328.79856 16.505 0.233  K
2458328.84524 16.611 0.247  K
2458329.81149 16.513 0.198  K
2458329.81281 16.362 0.160  K
2458329.81411 16.244 0.141  K
2458330.76229 16.570 0.226  K
2458330.84126 16.395 0.175  K
2458333.75726 16.422 0.226  K
2458335.82072 16.396 0.181  K
2458335.84804 16.429 0.208  K
2458336.75122 16.405 0.182  K
2458590.06428 16.372 0.149  K
2458591.07421 16.600 0.234  K
2458591.12791 16.666 0.241  K
2458593.04633 16.536 0.221  K
2458593.07422 16.652 0.229  K
2458593.11905 16.687 0.235  K
2458594.04570 16.434 0.170  K
2458594.07362 16.507 0.178  K
2458594.11778 16.455 0.178  K
2458595.11407 16.387 0.153  K
2458599.02677 16.436 0.158  K
2458599.05496 16.346 0.146  K
2458600.02724 16.478 0.178  K
2458600.05502 16.539 0.197  K
2458600.10659 16.405 0.157  K
2458601.02203 16.713 0.252  K
2458601.10600 16.396 0.159  K
2458605.01670 16.297 0.131  K
2458605.04693 16.285 0.129  K
2458606.02014 16.525 0.191  K
2458607.00551 16.596 0.204  K
2458607.09469 16.323 0.143  K
2458611.01505 16.427 0.161  K
2458611.04335 16.334 0.163  K
2458611.09228 16.591 0.242  K
2458612.02701 16.255 0.133  K
2458612.05556 16.304 0.144  K
2458612.10745 16.422 0.153  K
2458613.02871 16.481 0.181  K
2458613.10337 16.347 0.151  K
2458613.99675 16.448 0.159  K
2458614.02511 16.539 0.187  K
2458614.98078 16.518 0.187  K
2458615.00898 16.439 0.163  K
2458615.05705 16.569 0.216  K
2458615.98214 16.491 0.172  K
2458616.05808 16.408 0.151  K
2458616.97264 16.544 0.197  K
2458617.00043 16.772 0.283  K
2458617.04465 16.526 0.217  K
2458618.95853 16.549 0.202  K
2458619.03509 16.407 0.159  K
2458620.00242 16.394 0.155  K
2458620.05646 16.339 0.154  K
2458620.97842 16.617 0.205  K
2458621.00657 16.465 0.179  K
2458621.05700 16.433 0.151  K
2458621.97877 16.536 0.211  K
2458623.00044 16.671 0.219  K
2458623.00175 16.623 0.211  K
2458623.00306 16.576 0.221  K
2458626.98971 16.468 0.169  K
2458627.01808 16.398 0.162  K
2458627.06711 16.585 0.201  K
2458627.96751 16.727 0.272  K
2458627.99599 16.624 0.233  K
2458628.04810 16.578 0.207  K
2458628.98555 16.548 0.179  K
2458629.06649 16.485 0.208  K
2458629.95848 16.797 0.280  K
2458629.98658 16.508 0.188  K
2458631.95926 16.326 0.143  K
2458632.03986 16.393 0.164  K
2458632.92672 16.363 0.152  K
2458632.95687 16.381 0.154  K
2458633.91887 16.544 0.191  K
2458633.94811 16.714 0.243  K
2458633.99628 16.519 0.254  K
2458634.93908 16.606 0.210  K
2458635.94801 16.608 0.219  K
2458635.94933 16.459 0.193  K
2458635.95067 16.492 0.198  K
2458636.92453 16.318 0.142  K
2458636.95269 16.582 0.183  K
2458637.98648 16.466 0.184  K
2458639.93886 16.432 0.156  K
2458640.03962 16.505 0.172  K
2458641.94616 16.598 0.213  K
2458641.97447 16.598 0.224  K
2458642.90332 16.668 0.238  K
2458642.94178 16.728 0.246  K
2458642.98608 16.568 0.214  K
2458643.93310 16.352 0.154  K
2458644.00784 16.529 0.180  K
2458644.89348 16.521 0.186  K
2458644.92208 16.522 0.199  K
2458644.97060 16.403 0.173  K
2458645.91345 16.565 0.212  K
2458645.91478 16.489 0.196  K
2458645.91610 16.555 0.210  K
2458646.89685 16.369 0.161  K
2458646.97756 16.571 0.200  K
2458647.91917 16.359 0.157  K
2458647.94720 16.543 0.190  K
2458647.99837 16.517 0.164  K
2458648.90977 16.398 0.161  K
2458648.93776 16.405 0.160  K
2458648.98869 16.288 0.147  K
2458649.89767 16.729 0.244  K
2458649.97443 16.662 0.249  K
2458653.88789 16.616 0.220  K
2458653.91563 16.477 0.170  K
2458653.96663 16.537 0.206  K
2458654.88691 16.446 0.170  K
2458654.96447 16.444 0.163  K
2458655.89481 16.530 0.203  K
2458656.88756 16.534 0.203  K
2458660.87571 16.563 0.208  K
2458660.90896 16.469 0.164  K
2458662.93660 16.647 0.223  K
2458662.93792 16.593 0.217  K
2458662.93925 16.444 0.190  K
2458664.82587 16.372 0.155  K
2458664.90190 16.473 0.165  K
2458664.94830 16.234 0.132  K
2458664.97611 16.356 0.158  K
2458665.83498 16.697 0.238  K
2458665.86313 16.593 0.219  K
2458665.91616 16.556 0.191  K
2458665.95543 16.348 0.154  K
2458666.82826 16.483 0.169  K
2458666.90455 16.376 0.141  K
2458666.94761 16.344 0.156  K
2458666.97556 16.333 0.149  K
2458667.83413 16.411 0.156  K
2458667.90766 16.311 0.145  K
2458667.95083 16.330 0.145  K
2458667.97911 16.368 0.145  K
2458668.83800 16.706 0.241  K
2458668.86598 16.652 0.227  K
2458668.91562 16.511 0.211  K
2458669.87629 16.438 0.185  K
2458669.90492 16.387 0.145  K
2458669.95256 16.630 0.216  K
2458671.84789 16.465 0.180  K
2458671.87678 16.449 0.162  K
2458671.92536 16.297 0.145  K
2458672.87312 16.730 0.250  K
2458674.84849 16.674 0.254  K
2458675.82529 16.782 0.270  K
2458675.86947 16.688 0.240  K
2458676.79663 16.570 0.193  K
2458676.87856 16.330 0.142  K
2458680.86534 16.416 0.165  K
2458680.89321 16.454 0.163  K
2458680.94177 16.444 0.174  K
2458708.78310 16.626 0.215  K
2458708.84552 16.676 0.236  K
2458710.75337 16.683 0.256  K
2458710.78155 16.697 0.250  K
2458710.83824 16.679 0.255  K
2458711.81619 16.551 0.166  K
2458711.84920 16.616 0.191  K
2458714.83425 16.713 0.264  K
2458716.85010 16.637 0.237  K
2458718.76395 16.497 0.174  K
2458718.84293 16.566 0.221  K
2458719.76080 16.538 0.208  K
2458719.83952 16.575 0.186  K
2458721.75817 16.438 0.146  K
2458721.78992 16.504 0.184  K
2458721.83721 16.627 0.246  K
2458724.83831 16.221 0.151  K
2458734.75986 16.693 0.241  K
2458736.75912 16.719 0.243  K
2458736.80836 16.545 0.218  K
