2458222.12387 15.609 0.054  K
2458265.00194 15.702 0.112  K
2458279.89578 15.499 0.068  K
2458282.89429 15.423 0.054  K
2458284.98190 15.489 0.066  K
2458290.92203 15.458 0.062  K
2458300.90244 15.293 0.049  K
2458304.96265 15.193 0.048  K
2458305.85252 15.182 0.057  K
2458307.89794 15.010 0.046  K
2458308.85604 15.043 0.056  K
2458308.88335 15.001 0.070  K
2458309.91167 14.983 0.050  K
2458310.88305 14.965 0.055  K
2458315.86268 14.640 0.040  K
2458315.93864 14.654 0.054  K
2458321.81898 14.564 0.055  K
2458321.89369 14.568 0.031  K
2458327.82538 14.487 0.033  K
2458328.85059 14.323 0.047  K
2458329.82750 14.190 0.059  K
2458329.82881 14.287 0.064  K
2458330.76761 14.279 0.050  K
2458330.84663 14.311 0.040  K
2458335.82604 15.056 0.043  K
2457878.99036 15.583 0.073  K
2457880.99154 15.571 0.071  K
2457881.03419 15.572 0.072  K
2457881.07803 15.531 0.094  K
2457884.08423 15.545 0.065  K
2457892.04324 15.549 0.074  K
2457893.98478 15.550 0.055  K
2457893.98608 15.494 0.052  K
2457893.98738 15.534 0.055  K
2457899.02037 15.455 0.064  K
2457899.02169 15.460 0.061  K
2457902.95010 15.556 0.054  K
2457905.96969 15.608 0.068  K
2457929.85946 15.580 0.059  K
2457929.90477 15.533 0.053  K
2457934.83955 15.599 0.078  K
2457937.87534 15.546 0.052  K
2457937.92775 15.552 0.055  K
2457952.87670 15.510 0.064  K
2457952.87802 15.508 0.068  K
2457952.87933 15.521 0.066  K
2457953.86193 15.554 0.053  K
2457955.84408 15.527 0.061  K
2457964.78000 15.516 0.054  K
2457964.82429 15.502 0.055  K
2457976.77136 15.523 0.060  K
2457977.81081 15.516 0.059  K
2457978.85098 15.517 0.059  K
2457991.75754 15.568 0.061  K
2458590.06974 15.530 0.060  K
2458612.03267 15.567 0.058  K
2458612.06123 15.576 0.062  K
2458620.00798 15.552 0.057  K
2458627.02371 15.567 0.059  K
2458632.96244 15.579 0.061  K
2458645.93705 15.543 0.053  K
2458654.89239 15.561 0.055  K
2458664.98155 15.490 0.054  K
2458667.82864 15.542 0.056  K
