2458590.03515 14.535 0.062  K
2458590.06428 14.543 0.051  K
2458590.11213 14.539 0.045  K
2458591.04668 14.499 0.090  K
2458591.07421 14.584 0.082  K
2458591.12791 14.541 0.081  K
2458592.05087 14.473 0.102  K
2458592.12188 14.499 0.095  K
2458593.04633 14.563 0.081  K
2458593.07422 14.566 0.074  K
2458593.11905 14.588 0.080  K
2458594.04570 14.512 0.058  K
2458594.07362 14.549 0.058  K
2458594.11778 14.555 0.063  K
2458595.04223 14.505 0.045  K
2458595.11407 14.521 0.050  K
2458599.02677 14.521 0.046  K
2458599.05496 14.520 0.044  K
2458599.10631 14.518 0.047  K
2458600.02724 14.522 0.057  K
2458600.05502 14.508 0.063  K
2458600.10659 14.499 0.050  K
2458601.02203 14.531 0.082  K
2458601.10600 14.551 0.053  K
2458605.01670 14.518 0.045  K
2458605.04693 14.519 0.045  K
2458605.09104 14.536 0.049  K
2458606.02014 14.515 0.065  K
2458606.05383 14.508 0.057  K
2458606.10217 14.531 0.051  K
2458607.00551 14.535 0.058  K
2458607.09469 14.573 0.048  K
2458611.01505 14.503 0.045  K
2458611.04335 14.539 0.059  K
2458611.09228 14.545 0.092  K
2458612.02701 14.511 0.049  K
2458612.05556 14.528 0.054  K
2458612.10745 14.489 0.046  K
2458613.02871 14.518 0.055  K
2458613.10337 14.512 0.052  K
2458613.99675 14.475 0.047  K
2458614.02511 14.510 0.062  K
2458614.07116 14.530 0.051  K
2458614.98078 14.480 0.060  K
2458615.00898 14.461 0.049  K
2458615.05705 14.538 0.075  K
2458615.98214 14.481 0.044  K
2458616.05808 14.516 0.044  K
2458616.97264 14.509 0.064  K
2458617.00043 14.501 0.088  K
2458617.04465 14.540 0.077  K
2458618.00330 14.462 0.092  K
2458618.00463 14.483 0.084  K
2458618.00595 14.416 0.082  K
2458618.95853 14.499 0.064  K
2458619.03509 14.502 0.048  K
2458619.97462 14.524 0.052  K
2458620.00242 14.496 0.055  K
2458620.05646 14.470 0.061  K
2458620.97842 14.512 0.065  K
2458621.00657 14.529 0.061  K
2458621.05700 14.458 0.042  K
2458621.97877 14.442 0.066  K
2458622.05609 14.456 0.097  K
2458623.00044 14.523 0.064  K
2458623.00175 14.507 0.060  K
2458623.00306 14.487 0.073  K
2458626.98971 14.446 0.051  K
2458627.01808 14.477 0.056  K
2458627.06711 14.399 0.055  K
2458627.96751 14.465 0.097  K
2458627.99599 14.471 0.073  K
2458628.04810 14.457 0.062  K
2458628.98555 14.453 0.046  K
2458629.06649 14.465 0.074  K
2458629.95848 14.425 0.074  K
2458629.98658 14.504 0.056  K
2458630.03492 14.430 0.092  K
2458630.96261 14.448 0.058  K
2458630.96394 14.455 0.054  K
2458630.96528 14.456 0.056  K
2458631.95926 14.418 0.049  K
2458632.03986 14.483 0.056  K
2458632.92672 14.434 0.051  K
2458632.95687 14.435 0.052  K
2458633.00307 14.435 0.047  K
2458633.91887 14.443 0.057  K
2458633.94811 14.449 0.062  K
2458633.99628 14.538 0.107  K
2458634.93908 14.426 0.057  K
2458635.01962 14.557 0.081  K
2458635.94801 14.444 0.066  K
2458635.94933 14.443 0.064  K
2458635.95067 14.427 0.064  K
2458636.92453 14.431 0.045  K
2458636.95269 14.462 0.052  K
2458637.00333 14.422 0.048  K
2458637.91057 14.462 0.079  K
2458637.98648 14.467 0.057  K
2458639.93886 14.414 0.041  K
2458639.96768 14.432 0.043  K
2458640.03962 14.464 0.050  K
2458641.94616 14.445 0.064  K
2458641.97447 14.447 0.071  K
2458642.01954 14.394 0.054  K
2458642.90332 14.407 0.070  K
2458642.94178 14.405 0.065  K
2458642.98608 14.439 0.073  K
2458643.93310 14.345 0.051  K
2458644.00784 14.394 0.049  K
2458644.89348 14.365 0.050  K
2458644.92208 14.399 0.065  K
2458644.97060 14.393 0.059  K
2458645.91345 14.424 0.067  K
2458645.91478 14.370 0.055  K
2458645.91610 14.436 0.070  K
2458646.89685 14.377 0.058  K
2458646.97756 14.417 0.058  K
2458647.91917 14.351 0.057  K
2458647.94720 14.359 0.053  K
2458647.99837 14.367 0.036  K
2458648.90977 14.390 0.054  K
2458648.93776 14.410 0.052  K
2458648.98869 14.332 0.055  K
2458649.89767 14.342 0.059  K
2458649.97443 14.419 0.080  K
2458653.88789 14.392 0.067  K
2458653.91563 14.355 0.051  K
2458653.96663 14.381 0.068  K
2458654.88691 14.350 0.052  K
2458654.91473 14.360 0.043  K
2458654.96447 14.338 0.049  K
2458655.89481 14.353 0.062  K
2458656.88756 14.362 0.062  K
2458659.88208 14.243 0.095  K
2458659.90984 14.304 0.078  K
2458659.95862 14.250 0.092  K
2458660.87571 14.277 0.059  K
2458660.90896 14.318 0.045  K
2458660.95332 14.254 0.053  K
2458662.93660 14.335 0.064  K
2458662.93792 14.353 0.068  K
2458662.93925 14.327 0.064  K
2458664.82587 14.276 0.050  K
2458664.90190 14.289 0.043  K
2458664.94830 14.268 0.047  K
2458664.97611 14.229 0.055  K
2458665.83498 14.327 0.069  K
2458665.86313 14.327 0.066  K
2458665.91616 14.303 0.056  K
2458665.95543 14.281 0.054  K
2458666.82826 14.275 0.043  K
2458666.85636 14.286 0.047  K
2458666.90455 14.294 0.036  K
2458666.94761 14.239 0.055  K
2458666.97556 14.229 0.048  K
2458667.83413 14.297 0.043  K
2458667.90766 14.234 0.049  K
2458667.95083 14.236 0.046  K
2458667.97911 14.217 0.040  K
2458668.83800 14.271 0.065  K
2458668.86598 14.303 0.066  K
2458668.91562 14.270 0.070  K
2458669.87629 14.242 0.062  K
2458669.90492 14.249 0.037  K
2458669.95256 14.219 0.063  K
2458671.84789 14.190 0.053  K
2458671.87678 14.271 0.047  K
2458671.92536 14.218 0.051  K
2458672.87178 14.183 0.098  K
2458672.87312 14.230 0.062  K
2458672.87447 14.018 0.094  K
2458674.81451 14.118 0.072  K
2458674.84849 14.234 0.079  K
2458674.90038 14.099 0.096  K
2458675.79302 14.221 0.081  K
2458675.82529 14.229 0.071  K
2458675.86947 14.257 0.066  K
2458676.79663 14.238 0.051  K
2458676.87856 14.175 0.041  K
2458677.85949 14.186 0.062  K
2458677.86081 14.194 0.082  K
2458677.86213 14.171 0.073  K
2458680.86534 14.119 0.046  K
2458680.89321 14.130 0.042  K
2458680.94177 14.107 0.049  K
2458708.74627 14.094 0.090  K
2458708.78310 13.555 0.049  K
2458708.84552 13.514 0.051  K
2458709.75089 13.573 0.073  K
2458709.78507 13.594 0.085  K
2458709.83263 13.534 0.077  K
2458710.75337 13.513 0.042  K
2458710.78155 13.556 0.060  K
2458710.83824 13.493 0.058  K
2458711.81619 13.443 0.026  K
2458711.84920 13.420 0.034  K
2458712.78929 13.449 0.074  K
2458712.84533 13.419 0.082  K
2458713.84803 13.394 0.057  K
2458714.74465 13.349 0.058  K
2458714.78024 13.344 0.056  K
2458714.83425 13.366 0.070  K
2458715.74453 13.243 0.075  K
2458715.77908 13.355 0.081  K
2458715.82663 13.259 0.080  K
2458716.82183 13.280 0.063  K
2458716.85010 13.267 0.060  K
2458717.79285 13.296 0.072  K
2458717.82664 13.251 0.068  K
2458718.76395 13.180 0.038  K
2458718.79845 13.348 0.101  K
2458718.84293 13.197 0.057  K
2458719.76080 13.190 0.054  K
2458719.79486 13.175 0.051  K
2458719.83952 13.127 0.038  K
2458721.75817 13.083 0.020  K
2458721.78992 13.116 0.046  K
2458721.83721 13.093 0.051  K
2458722.81017 13.070 0.049  K
2458722.83902 13.056 0.093  K
2458724.75504 13.003 0.046  K
2458724.79267 13.024 0.060  K
2458724.83831 12.998 0.045  K
2458733.76602 12.943 0.051  K
2458734.75986 12.907 0.054  K
2458734.79555 12.892 0.065  K
2458736.72723 12.903 0.122  K
2458736.75912 12.957 0.042  K
2458736.80836 12.973 0.052  K
2457864.02340 14.546 0.062  K
2457864.06234 14.615 0.059  K
2457864.10809 14.679 0.068  K
2457865.01801 14.554 0.054  K
2457865.09974 14.707 0.090  K
2457878.01535 14.632 0.066  K
2457878.05993 14.493 0.089  K
2457878.10358 14.574 0.074  K
2457878.98489 14.534 0.071  K
2457879.02471 14.634 0.061  K
2457879.07580 14.619 0.066  K
2457879.99268 14.608 0.067  K
2457880.08285 14.577 0.077  K
2457880.98613 14.557 0.078  K
2457881.02878 14.595 0.066  K
2457881.07256 14.616 0.086  K
2457882.00427 14.606 0.060  K
2457882.00557 14.570 0.068  K
2457882.00688 14.589 0.063  K
2457882.97179 14.557 0.070  K
2457883.05724 14.720 0.072  K
2457883.98717 14.621 0.073  K
2457884.02752 14.681 0.070  K
2457884.07875 14.615 0.063  K
2457885.00357 14.634 0.053  K
2457885.04385 14.618 0.073  K
2457885.09327 14.602 0.064  K
2457885.99690 14.605 0.058  K
2457886.08692 14.607 0.089  K
2457887.00892 14.652 0.100  K
2457887.01022 14.703 0.106  K
2457887.01152 14.680 0.094  K
2457890.94767 14.594 0.062  K
2457890.98933 14.645 0.064  K
2457891.03284 14.604 0.074  K
2457891.94944 14.569 0.069  K
2457892.03774 14.573 0.085  K
2457892.95248 14.593 0.078  K
2457892.99106 14.646 0.068  K
2457893.04261 14.609 0.075  K
2457893.96892 14.619 0.076  K
2457893.97024 14.625 0.066  K
2457893.97154 14.648 0.079  K
2457894.93733 14.730 0.081  K
2457895.07324 14.613 0.067  K
2457897.94676 14.624 0.069  K
2457898.03613 14.622 0.063  K
2457898.98999 14.543 0.076  K
2457898.99128 14.570 0.073  K
2457898.99260 14.576 0.065  K
2457899.96734 14.625 0.070  K
2457900.00643 14.629 0.072  K
2457900.05628 14.567 0.067  K
2457900.94154 14.656 0.072  K
2457901.03218 14.616 0.054  K
2457901.95474 14.603 0.067  K
2457902.00201 14.587 0.058  K
2457902.05546 14.617 0.070  K
2457902.94231 14.606 0.066  K
2457903.92715 14.571 0.063  K
2457904.02455 14.555 0.068  K
2457904.94897 14.593 0.073  K
2457904.98758 14.606 0.070  K
2457905.03669 14.595 0.072  K
2457905.92574 14.626 0.073  K
2457905.96427 14.622 0.080  K
2457906.01848 14.581 0.074  K
2457907.93389 14.601 0.075  K
2457907.97234 14.609 0.067  K
2457908.02439 14.589 0.055  K
2457909.91085 14.619 0.056  K
2457909.99873 14.604 0.065  K
2457910.89454 14.688 0.091  K
2457910.93321 14.638 0.062  K
2457910.98826 14.645 0.059  K
2457911.97044 14.688 0.062  K
2457912.89775 14.601 0.061  K
2457912.97915 14.643 0.105  K
2457916.90898 14.603 0.078  K
2457916.95331 14.681 0.062  K
2457917.00303 14.564 0.075  K
2457917.90594 14.585 0.045  K
2457917.94998 14.584 0.083  K
2457917.99777 14.650 0.074  K
2457918.89324 14.617 0.063  K
2457918.97986 14.583 0.069  K
2457920.92647 14.658 0.054  K
2457920.92778 14.614 0.087  K
2457920.92909 14.630 0.087  K
2457924.87436 14.620 0.076  K
2457924.95792 14.662 0.077  K
2457925.89350 14.683 0.075  K
2457925.89479 14.684 0.063  K
2457925.89610 14.703 0.078  K
2457926.85729 14.665 0.071  K
2457926.89589 14.687 0.064  K
2457926.94550 14.600 0.071  K
2457927.89045 14.583 0.081  K
2457927.97652 14.595 0.073  K
2457928.86258 14.644 0.071  K
2457928.90519 14.625 0.059  K
2457928.95603 14.597 0.082  K
2457929.85406 14.590 0.072  K
2457929.89939 14.649 0.061  K
2457929.94939 14.590 0.079  K
2457930.86215 14.632 0.066  K
2457930.94860 14.615 0.066  K
2457931.90557 14.632 0.069  K
2457931.94805 14.605 0.063  K
2457932.85414 14.665 0.076  K
2457932.89892 14.589 0.083  K
2457932.94660 14.574 0.111  K
2457933.83610 14.547 0.059  K
2457933.92298 14.624 0.065  K
2457934.83419 14.618 0.067  K
2457934.87270 14.671 0.057  K
2457934.91630 14.699 0.072  K
2457935.86459 14.638 0.071  K
2457935.86589 14.654 0.074  K
2457935.86720 14.677 0.078  K
2457936.86767 14.656 0.072  K
2457936.95289 14.564 0.051  K
2457937.83074 14.639 0.058  K
2457937.86988 14.671 0.063  K
2457937.92227 14.637 0.073  K
2457944.86825 14.559 0.054  K
2457944.92142 14.585 0.073  K
2457945.85723 14.649 0.059  K
2457945.95402 14.590 0.044  K
2457947.87523 14.637 0.083  K
2457947.87652 14.609 0.066  K
2457947.87782 14.680 0.085  K
2457948.80604 14.567 0.108  K
2457948.89460 14.573 0.100  K
2457949.82445 14.602 0.084  K
2457949.86420 14.621 0.044  K
2457949.90896 14.635 0.062  K
2457950.80897 14.565 0.060  K
2457950.85344 14.622 0.054  K
2457950.89702 14.607 0.053  K
2457951.80428 14.570 0.053  K
2457951.89031 14.549 0.059  K
2457952.86078 14.580 0.060  K
2457952.86209 14.589 0.059  K
2457952.86349 14.585 0.050  K
2457953.85659 14.556 0.059  K
2457953.89968 14.533 0.057  K
2457953.94459 14.553 0.054  K
2457954.78394 14.589 0.053  K
2457954.86564 14.644 0.051  K
2457955.80034 14.560 0.052  K
2457955.83876 14.603 0.067  K
2457955.88220 14.618 0.079  K
2457957.78083 14.520 0.106  K
2457957.86524 14.524 0.100  K
2457958.77653 14.558 0.062  K
2457958.81530 14.643 0.060  K
2457958.86309 14.589 0.061  K
2457959.77678 14.665 0.080  K
2457959.81846 14.664 0.077  K
2457959.86281 14.776 0.079  K
2457960.78044 14.639 0.066  K
2457960.87314 14.601 0.057  K
2457961.77576 14.600 0.084  K
2457961.82088 14.620 0.084  K
2457961.86797 14.608 0.085  K
2457964.77473 14.558 0.058  K
2457964.81901 14.578 0.059  K
2457964.86282 14.645 0.051  K
2457965.76167 14.649 0.083  K
2457965.80103 14.789 0.102  K
2457965.85551 14.576 0.084  K
2457966.76824 14.589 0.065  K
2457966.85246 14.575 0.068  K
2457967.79051 14.751 0.080  K
2457967.79182 14.707 0.064  K
2457967.79313 14.748 0.082  K
2457970.77245 14.615 0.083  K
2457970.82012 14.590 0.078  K
2457970.87508 14.568 0.052  K
2457971.77061 14.676 0.092  K
2457971.81011 14.618 0.053  K
2457971.85979 14.559 0.059  K
2457972.76024 14.656 0.080  K
2457972.84331 14.640 0.054  K
2457974.85737 14.570 0.064  K
2457976.76551 14.610 0.076  K
2457976.81535 14.616 0.070  K
2457976.86291 14.547 0.066  K
2457977.75960 14.688 0.061  K
2457977.80549 14.571 0.077  K
2457977.84909 14.549 0.065  K
2457978.75591 14.662 0.078  K
2457978.84565 14.595 0.073  K
2457979.77946 14.654 0.063  K
2457979.78077 14.623 0.055  K
2457979.78208 14.649 0.058  K
2457980.75547 14.655 0.065  K
2457980.79417 14.708 0.058  K
2457980.84275 14.610 0.054  K
2457981.76031 14.698 0.089  K
2457981.84813 14.568 0.051  K
2457982.75864 14.668 0.090  K
2457982.79723 14.740 0.095  K
2457983.75246 14.690 0.074  K
2457983.79102 14.661 0.064  K
2457983.83453 14.699 0.063  K
2457985.79159 14.654 0.061  K
2457985.85371 14.603 0.070  K
2457988.77285 14.657 0.077  K
2457988.82531 14.702 0.086  K
2457989.77203 14.633 0.061  K
2457989.81651 14.646 0.078  K
2457990.77282 14.623 0.062  K
2457990.81722 14.626 0.085  K
2457991.77375 14.585 0.052  K
2457991.81785 14.653 0.087  K
2457992.77325 14.606 0.060  K
2457992.82505 14.590 0.062  K
2457993.81960 14.571 0.098  K
2458006.70997 14.583 0.066  K
2458006.71122 14.571 0.071  K
2458007.71274 14.387 0.096  K
2458007.71399 14.382 0.094  K
2458008.71770 14.490 0.081  K
2458008.71895 14.472 0.065  K
2458009.71564 14.256 0.113  K
2458009.71688 14.430 0.119  K
2458010.71467 14.530 0.068  K
2458010.71644 14.528 0.086  K
2458011.71494 14.529 0.066  K
2458011.71620 14.518 0.074  K
2458013.70867 14.529 0.057  K
2458019.70490 14.543 0.059  K
2458019.70615 14.533 0.057  K
2458020.70773 14.427 0.082  K
2458020.70896 14.327 0.106  K
2458021.70397 14.540 0.067  K
2458021.70522 14.524 0.064  K
2458025.71712 14.495 0.070  K
2458025.71837 14.469 0.063  K
2458026.70542 14.488 0.070  K
2458026.70665 14.484 0.070  K
2458027.70567 14.505 0.054  K
2458027.70692 14.481 0.054  K
2458029.70486 14.501 0.044  K
2458029.70610 14.498 0.047  K
2458030.70692 14.291 0.101  K
2458030.70818 14.293 0.106  K
2458036.69178 14.460 0.089  K
2458036.69303 14.459 0.088  K
2458037.69479 14.526 0.068  K
2458037.69603 14.552 0.066  K
2458222.04605 14.697 0.093  K
2458222.11825 14.632 0.057  K
2458234.06966 14.743 0.102  K
2458236.09064 14.634 0.090  K
2458236.09193 14.691 0.103  K
2458236.09325 14.651 0.097  K
2458253.96084 14.597 0.068  K
2458253.98864 14.616 0.074  K
2458254.04643 14.653 0.062  K
2458254.97159 14.666 0.085  K
2458255.04490 14.684 0.100  K
2458255.96454 14.706 0.075  K
2458256.98603 14.644 0.094  K
2458257.01397 14.620 0.081  K
2458257.05903 14.645 0.071  K
2458257.97458 14.638 0.118  K
2458258.04584 14.628 0.094  K
2458258.98303 14.596 0.112  K
2458259.01075 14.665 0.095  K
2458259.05989 14.666 0.100  K
2458259.98025 14.652 0.087  K
2458260.00811 14.660 0.085  K
2458260.05287 14.661 0.099  K
2458260.95457 14.621 0.047  K
2458261.03025 14.634 0.049  K
2458261.95303 14.599 0.051  K
2458261.98149 14.693 0.085  K
2458262.03596 14.681 0.054  K
2458263.00327 14.654 0.070  K
2458263.00459 14.647 0.071  K
2458263.00589 14.615 0.054  K
2458263.93547 14.651 0.086  K
2458264.00830 14.690 0.083  K
2458264.96131 14.619 0.116  K
2458264.99652 14.667 0.090  K
2458265.04001 14.662 0.085  K
2458265.97128 14.675 0.071  K
2458265.99915 14.631 0.059  K
2458266.05024 14.677 0.083  K
2458266.92046 14.552 0.113  K
2458266.99257 14.711 0.099  K
2458271.93821 14.628 0.101  K
2458271.96699 14.612 0.100  K
2458272.02893 14.540 0.079  K
2458272.98319 14.623 0.102  K
2458273.01738 14.617 0.056  K
2458273.06177 14.668 0.092  K
2458273.93473 14.652 0.102  K
2458274.00596 14.693 0.114  K
2458274.90844 14.543 0.127  K
2458274.93893 14.617 0.109  K
2458274.98692 14.609 0.109  K
2458275.94888 14.649 0.114  K
2458275.95018 14.644 0.110  K
2458275.95147 14.609 0.090  K
2458279.89036 14.638 0.083  K
2458279.96848 14.598 0.059  K
2458281.92684 14.654 0.090  K
2458281.97119 14.624 0.079  K
2458282.88879 14.604 0.065  K
2458282.96499 14.599 0.055  K
2458283.91512 14.691 0.085  K
2458283.96403 14.624 0.074  K
2458284.92759 14.630 0.072  K
2458284.97649 14.653 0.070  K
2458285.91441 14.641 0.067  K
2458285.98780 14.585 0.090  K
2458286.93528 14.612 0.061  K
2458286.98078 14.572 0.061  K
2458290.89777 14.622 0.071  K
2458290.89908 14.584 0.069  K
2458290.90037 14.613 0.061  K
2458291.88437 14.614 0.082  K
2458292.90264 14.634 0.073  K
2458292.95034 14.706 0.105  K
2458293.91694 14.476 0.094  K
2458294.88395 14.630 0.064  K
2458294.96488 14.605 0.059  K
2458298.88597 14.609 0.050  K
2458298.93589 14.633 0.067  K
2458299.90093 14.607 0.091  K
2458299.95055 14.544 0.095  K
2458300.89707 14.606 0.055  K
2458300.97952 14.609 0.071  K
2458303.92606 14.103 0.044  K
2458304.90633 14.592 0.055  K
2458304.95719 14.600 0.054  K
2458305.84719 14.624 0.063  K
2458305.87483 14.495 0.121  K
2458305.93411 14.581 0.054  K
2458307.87946 14.600 0.103  K
2458307.88078 14.569 0.084  K
2458307.88207 14.633 0.078  K
2458308.85069 14.589 0.071  K
2458308.87799 14.594 0.064  K
2458308.92551 14.602 0.080  K
2458309.82512 14.636 0.087  K
2458309.90627 14.586 0.048  K
2458310.84923 14.448 0.098  K
2458310.87769 14.622 0.064  K
2458310.92888 14.602 0.052  K
2458311.85278 14.606 0.090  K
2458311.88090 14.689 0.116  K
2458311.93049 14.600 0.087  K
2458312.83459 14.703 0.072  K
2458312.90397 14.601 0.092  K
2458315.85730 14.632 0.060  K
2458315.93020 14.579 0.059  K
2458316.86354 14.534 0.115  K
2458316.89253 14.580 0.104  K
2458316.94228 14.542 0.122  K
2458317.89804 14.591 0.120  K
2458317.89935 14.574 0.097  K
2458319.87835 14.740 0.213  K
2458319.90616 14.991 0.133  K
2458321.81372 14.596 0.077  K
2458321.88835 14.631 0.072  K
2458327.82009 14.620 0.058  K
2458327.89974 14.610 0.059  K
2458328.76803 14.585 0.095  K
2458328.79856 14.597 0.087  K
2458328.84524 14.582 0.089  K
2458329.81149 14.552 0.071  K
2458329.81281 14.565 0.057  K
2458329.81411 14.567 0.056  K
2458330.76229 14.641 0.080  K
2458330.84126 14.619 0.069  K
2458331.84555 14.533 0.124  K
2458333.75726 14.578 0.084  K
2458333.84993 14.572 0.088  K
2458335.82072 14.623 0.071  K
2458335.84804 14.628 0.090  K
2458335.89703 14.584 0.079  K
2458336.75122 14.616 0.073  K
2458336.82927 14.603 0.050  K
2458613.03283 14.442 0.047  K
2458618.04279 14.422 0.040  K
2458623.04935 14.354 0.036  K
2458631.00499 14.362 0.037  K
2458635.99186 14.312 0.036  K
2458645.96248 14.273 0.049  K
2458662.98179 14.201 0.037  K
2458667.83825 14.193 0.036  K
2458672.92136 14.104 0.035  K
2458677.90193 14.098 0.038  K
2458592.07801 15.106 0.107  H
2458595.06983 15.111 0.084  H
2458601.04953 15.093 0.086  H
2458607.04479 15.122 0.092  H
2458613.04556 15.115 0.085  H
2458616.00992 15.080 0.072  H
2458618.98626 15.102 0.090  H
2458622.00724 15.064 0.090  H
2458629.01433 15.041 0.084  H
2458631.98700 15.031 0.064  H
2458634.96753 15.033 0.090  H
2458637.94251 14.986 0.093  H
2458643.96173 14.969 0.079  H
2458646.92470 14.982 0.074  H
2458649.92641 14.966 0.090  H
2458664.85385 14.831 0.064  H
2458667.85104 14.865 0.079  H
2458676.83048 14.770 0.069  H
2457865.05650 15.173 0.086  H
2457880.03112 15.164 0.069  H
2457883.00985 15.218 0.087  H
2457886.04257 15.159 0.092  H
2457891.98788 15.153 0.074  H
2457894.97813 15.205 0.097  H
2457897.99216 15.157 0.090  H
2457900.98369 15.168 0.090  H
2457903.97211 15.186 0.122  H
2457909.95237 15.207 0.093  H
2457912.93564 15.194 0.104  H
2457918.93138 15.175 0.112  H
2457924.91417 15.222 0.105  H
2457927.92896 15.173 0.075  H
2457930.90049 15.252 0.091  H
2457933.87462 15.163 0.098  H
2457936.90967 15.191 0.085  H
2457939.87754 15.239 0.110  H
2457945.90729 15.182 0.092  H
2457948.84415 15.213 0.123  H
2457951.84662 15.137 0.077  H
2457954.82181 15.168 0.077  H
2457957.82183 15.068 0.122  H
2457960.82605 15.138 0.111  H
2457966.80848 15.207 0.115  H
2457972.80013 15.190 0.094  H
2457978.79491 15.207 0.087  H
2457981.79842 15.246 0.097  H
2458006.71290 15.123 0.079  H
2458006.71415 15.101 0.097  H
2458007.71557 14.984 0.103  H
2458007.71682 15.000 0.094  H
2458008.72053 15.110 0.095  H
2458008.72180 15.074 0.086  H
2458009.71848 14.903 0.143  H
2458009.71972 14.980 0.124  H
2458010.71802 15.113 0.093  H
2458010.71927 15.135 0.090  H
2458011.71779 15.107 0.088  H
2458011.71904 15.098 0.077  H
2458019.70773 15.144 0.091  H
2458019.70897 15.134 0.071  H
2458020.71056 14.854 0.105  H
2458020.71181 14.837 0.087  H
2458021.70708 15.070 0.091  H
2458021.70832 15.123 0.088  H
2458025.71996 15.047 0.089  H
2458025.72119 15.084 0.070  H
2458026.70825 15.075 0.089  H
2458026.70949 15.045 0.098  H
2458027.70850 15.147 0.093  H
2458027.70975 15.068 0.081  H
2458029.70770 15.143 0.079  H
2458029.70895 15.091 0.102  H
2458030.71027 14.949 0.083  H
2458030.71151 14.999 0.095  H
2458036.69461 15.048 0.096  H
2458036.69586 15.019 0.097  H
2458037.69764 15.108 0.089  H
2458037.69888 15.122 0.090  H
2458222.07346 15.244 0.079  H
2458234.10517 15.154 0.097  H
2458255.00008 15.132 0.079  H
2458257.99136 15.150 0.084  H
2458260.98239 15.128 0.073  H
2458263.96343 15.204 0.060  H
2458266.94935 15.175 0.068  H
2458273.96182 15.125 0.097  H
2458279.91807 15.122 0.073  H
2458282.91744 15.089 0.087  H
2458285.93507 15.093 0.109  H
2458291.91147 15.083 0.112  H
2458294.91172 15.100 0.070  H
2458300.93245 15.118 0.072  H
2458303.95357 15.319 0.077  H
2458309.85601 15.100 0.071  H
2458312.85090 15.108 0.084  H
2458315.88690 15.065 0.068  H
2458321.84074 15.122 0.088  H
2458327.85041 15.123 0.067  H
2458330.79273 15.140 0.088  H
2458333.79818 15.247 0.112  H
2458336.77836 15.134 0.067  H
2458590.05011 15.006 0.051  H
2458591.06161 15.025 0.068  H
2458592.06588 15.076 0.070  H
2458593.06155 14.948 0.070  H
2458594.06091 14.953 0.058  H
2458595.05744 14.972 0.046  H
2458599.04228 14.987 0.061  H
2458600.04248 14.975 0.060  H
2458601.03721 14.946 0.065  H
2458605.03380 14.938 0.056  H
2458606.03533 14.979 0.069  H
2458607.02073 14.994 0.071  H
2458611.03055 14.951 0.055  H
2458612.04263 14.940 0.049  H
2458614.01199 14.955 0.060  H
2458614.99616 14.927 0.050  H
2458615.99761 14.986 0.048  H
2458616.98788 14.937 0.065  H
2458618.97391 14.960 0.057  H
2458619.98991 14.967 0.055  H
2458620.99362 14.950 0.057  H
2458621.99457 14.930 0.074  H
2458627.00536 14.957 0.059  H
2458627.98315 14.960 0.075  H
2458629.00146 14.920 0.062  H
2458629.97380 14.972 0.076  H
2458631.97452 14.931 0.056  H
2458632.94212 14.877 0.049  H
2458633.93419 14.869 0.066  H
2458634.95442 14.916 0.067  H
2458636.93979 14.873 0.057  H
2458637.92592 14.899 0.066  H
2458639.95483 14.891 0.049  H
2458641.96173 14.897 0.065  H
2458642.91865 14.881 0.080  H
2458643.94919 14.866 0.057  H
2458644.90935 14.898 0.056  H
2458646.91225 14.820 0.048  H
2458647.93454 14.860 0.060  H
2458648.92514 14.860 0.059  H
2458649.91302 14.836 0.060  H
2458653.90312 14.830 0.054  H
2458654.90219 14.813 0.059  H
2458655.91007 14.812 0.074  H
2458657.00493 14.802 0.059  H
2458659.89734 14.790 0.083  H
2458660.89096 14.765 0.055  H
2458664.84118 14.756 0.034  H
2458664.96359 14.783 0.048  H
2458665.85027 14.735 0.053  H
2458666.84387 14.726 0.051  H
2458666.96290 14.714 0.053  H
2458667.96621 14.743 0.054  H
2458668.85348 14.743 0.063  H
2458669.89202 14.714 0.054  H
2458671.86430 14.672 0.056  H
2458674.83598 14.642 0.047  H
2458675.80834 14.672 0.062  H
2458676.81770 14.634 0.043  H
2458680.88074 14.591 0.052  H
2458708.76944 14.020 0.054  H
2458709.77261 14.003 0.048  H
2458710.76871 13.967 0.057  H
2458711.83155 13.908 0.038  H
2458712.83287 13.866 0.066  H
2458713.86410 13.867 0.057  H
2458714.76000 13.838 0.055  H
2458715.75988 13.825 0.056  H
2458716.83719 13.744 0.056  H
2458717.80840 13.742 0.050  H
2458718.77941 13.692 0.036  H
2458719.77616 13.668 0.055  H
2458721.77737 13.496 0.066  H
2458722.82571 13.580 0.063  H
2458724.77400 13.479 0.059  H
2458733.78473 13.368 0.051  H
2458734.77527 13.348 0.046  H
2458736.74263 13.417 0.050  H
