2457864.09436 16.038 0.067  H
2457865.08602 16.115 0.083  H
2457878.08974 16.185 0.087  H
2457879.06206 15.913 0.075  H
2457880.06907 15.867 0.068  H
2457881.05885 15.899 0.077  H
2457884.06434 15.896 0.082  H
2457885.07543 16.113 0.077  H
2457886.07268 16.179 0.111  H
2457891.01913 15.876 0.084  H
2457892.02399 15.875 0.078  H
2457893.02889 16.044 0.078  H
2457895.05951 15.927 0.073  H
2457898.02169 16.022 0.075  H
2457900.04257 15.860 0.073  H
2457901.01796 15.968 0.073  H
2457902.04152 15.839 0.060  H
2457905.02292 15.866 0.066  H
2457906.00468 15.708 0.079  H
2457908.01070 15.821 0.065  H
2457909.98501 15.778 0.070  H
2457910.97458 15.653 0.073  H
2457912.00199 15.749 0.072  H
2457912.96551 15.794 0.075  H
2457916.98312 15.519 0.057  H
2457917.97995 15.546 0.068  H
2457918.96586 15.481 0.051  H
2457924.94426 15.216 0.057  H
2457926.92571 14.996 0.034  H
2457928.94127 14.774 0.033  H
2457929.93577 14.685 0.038  H
2457932.92897 14.482 0.059  H
2457933.90929 14.270 0.025  H
2457936.93929 13.837 0.023  H
2457937.90844 13.812 0.024  H
2457939.91173 14.132 0.050  H
2457945.94043 14.718 0.029  H
2457948.88091 15.164 0.052  H
2457949.89530 15.133 0.045  H
2457950.88339 15.158 0.038  H
2457951.87665 15.185 0.050  H
2457953.93100 15.295 0.041  H
2457954.85204 15.372 0.048  H
2457955.86855 15.581 0.075  H
2457958.84953 15.477 0.049  H
2457959.84925 15.763 0.077  H
2457960.85953 15.623 0.054  H
2457961.85436 15.793 0.079  H
2457964.84921 15.709 0.058  H
2457966.83853 15.797 0.065  H
2457970.85002 15.896 0.075  H
2457971.84622 16.052 0.095  H
2457976.84930 15.852 0.059  H
2457977.83543 15.884 0.081  H
2457978.83207 15.866 0.073  H
2457980.82919 15.978 0.076  H
2457981.82817 16.183 0.098  H
2457983.82095 16.128 0.093  H
2457990.79829 16.047 0.074  H
2457992.80483 16.098 0.101  H
2457993.84493 16.088 0.092  H
2457487.10426 15.762 0.069  H
2457487.14911 15.899 0.095  H
2457488.07982 15.794 0.085  H
2457488.12591 15.886 0.085  H
2457489.08308 15.790 0.092  H
2457489.13866 15.808 0.074  H
2457490.08861 15.781 0.083  H
2457490.13866 15.912 0.097  H
2457491.09781 15.855 0.092  H
2457494.07448 15.884 0.088  H
2457494.11902 15.804 0.083  H
2457495.07705 15.890 0.088  H
2457495.12795 15.836 0.092  H
2457498.04767 15.918 0.098  H
2457498.09302 15.808 0.090  H
2457500.05972 15.956 0.087  H
2457500.10576 15.917 0.094  H
2457502.09773 15.953 0.092  H
2457503.04798 15.925 0.095  H
2457503.09300 15.836 0.086  H
2457507.04800 15.912 0.099  H
2457507.09902 15.865 0.080  H
2457508.06089 15.906 0.096  H
2457509.05173 15.826 0.088  H
2457509.10352 15.831 0.076  H
2457510.02294 15.884 0.089  H
2457510.12888 15.878 0.095  H
2457511.03344 15.912 0.095  H
2457512.04167 15.846 0.087  H
2457512.09019 15.980 0.096  H
2457513.01893 15.852 0.093  H
2457513.06692 15.822 0.085  H
2457515.01179 15.907 0.082  H
2457515.05724 15.868 0.083  H
2457516.05322 15.852 0.100  H
2457517.01981 15.880 0.100  H
2457517.06333 16.026 0.121  H
2457519.03387 16.086 0.153  H
2457520.03937 15.939 0.099  H
2457520.08475 15.855 0.096  H
2457521.03935 15.899 0.097  H
2457521.08255 15.849 0.089  H
2457523.05642 15.887 0.097  H
2457524.03090 15.928 0.092  H
2457526.00802 15.947 0.091  H
2457526.05206 15.971 0.097  H
2457527.01212 15.962 0.113  H
2457527.06284 15.885 0.100  H
2457528.03229 15.982 0.094  H
2457528.98985 15.924 0.082  H
2457529.03787 15.829 0.087  H
2457530.03609 15.959 0.100  H
2457531.01451 15.960 0.098  H
2457531.06218 15.883 0.085  H
2457531.99924 15.941 0.100  H
2457532.04640 15.905 0.099  H
2457535.04552 15.877 0.091  H
2457536.02151 15.934 0.089  H
2457536.07022 15.891 0.091  H
2457537.98699 16.025 0.091  H
2457538.08034 15.829 0.091  H
2457539.00495 15.872 0.099  H
2457539.04872 15.934 0.091  H
2457539.95619 15.955 0.095  H
2457540.00466 15.976 0.105  H
2457541.95726 15.829 0.083  H
2457542.00386 15.889 0.097  H
2457542.05598 15.907 0.100  H
2457543.03248 15.944 0.102  H
2457544.01425 15.895 0.100  H
2457544.06170 15.936 0.114  H
2457544.93260 15.901 0.098  H
2457544.98215 15.863 0.090  H
2457545.94683 15.994 0.089  H
2457545.99592 15.848 0.090  H
2457546.05258 15.762 0.085  H
2457546.91790 15.939 0.095  H
2457546.96465 15.905 0.094  H
2457547.00917 15.894 0.092  H
2457547.95736 15.848 0.078  H
2457548.00136 15.846 0.087  H
2457548.04808 15.905 0.096  H
2457548.96362 15.901 0.091  H
2457549.00832 15.935 0.096  H
2457549.95315 15.846 0.086  H
2457550.00781 15.807 0.089  H
2457550.05274 15.952 0.099  H
2457550.94321 15.886 0.093  H
2457550.98842 15.867 0.088  H
2457551.03791 15.823 0.090  H
2457555.00059 15.923 0.099  H
2457555.91463 15.855 0.090  H
2457555.95809 15.847 0.089  H
2457556.01025 16.140 0.177  H
2457558.92734 15.794 0.066  H
2457558.97388 15.864 0.092  H
2457561.92246 15.977 0.100  H
2457561.97237 15.892 0.097  H
2457562.02116 15.947 0.103  H
2457562.87549 15.983 0.104  H
2457562.92382 15.941 0.096  H
2457562.96927 15.947 0.103  H
2457563.91065 15.872 0.093  H
2457563.95456 15.976 0.099  H
2457564.90741 15.873 0.095  H
2457564.95121 15.863 0.085  H
2457565.00136 15.822 0.086  H
2457567.96507 15.942 0.100  H
2457573.85059 15.860 0.084  H
2457573.90055 15.946 0.090  H
2457573.94790 15.895 0.101  H
2457574.86254 15.876 0.094  H
2457574.90962 15.968 0.100  H
2457574.95482 15.957 0.108  H
2457575.89173 15.803 0.114  H
2457575.94829 15.833 0.068  H
2457576.86303 15.910 0.087  H
2457576.90995 15.931 0.097  H
2457577.83908 15.963 0.104  H
2457577.88558 15.981 0.097  H
2458222.10428 16.036 0.068  H
2458234.13868 16.098 0.075  H
2458255.03055 16.255 0.109  H
2458257.04524 16.311 0.131  H
2458259.04107 16.189 0.097  H
2458260.03882 16.466 0.163  H
2458261.01620 16.034 0.077  H
2458262.01190 16.152 0.089  H
2458263.99352 16.429 0.157  H
2458265.02631 16.295 0.126  H
2458266.03651 16.038 0.088  H
2458266.97893 16.450 0.160  H
2458272.00921 16.247 0.131  H
2458273.04787 16.289 0.116  H
2458273.99228 16.571 0.195  H
2458274.97293 16.553 0.178  H
2458279.95432 16.160 0.095  H
2458281.95166 16.209 0.105  H
2458282.95106 16.222 0.089  H
2458283.94417 16.362 0.131  H
2458284.95743 16.247 0.108  H
2458286.96119 16.283 0.116  H
2458291.94577 16.389 0.138  H
2458292.93098 16.418 0.133  H
2458294.95064 16.090 0.088  H
2458298.91586 16.094 0.074  H
2458299.92826 16.408 0.139  H
2458300.96588 16.171 0.102  H
2458303.98525 16.188 0.112  H
2458304.93653 15.954 0.134  H
2458305.92027 16.118 0.079  H
2458309.89266 16.112 0.087  H
2458310.91526 16.011 0.075  H
2458311.91637 16.294 0.113  H
2458315.91652 16.133 0.090  H
2458319.93614 16.542 0.202  H
2458321.87455 16.158 0.085  H
2458327.88617 16.097 0.090  H
2458328.83167 16.439 0.166  H
2458330.82511 16.237 0.099  H
2458331.83197 16.526 0.168  H
2458333.83611 16.488 0.149  H
2458335.88324 16.306 0.120  H
2458336.81572 16.129 0.081  H
2458590.09839 16.033 0.068  H
2458591.10944 16.326 0.119  H
2458592.10807 16.573 0.173  H
2458594.10382 16.252 0.098  H
2458595.09993 16.272 0.135  H
2458599.09151 16.024 0.082  H
2458600.09266 16.178 0.087  H
2458601.09207 16.170 0.082  H
2458605.07713 15.909 0.064  H
2458606.08826 16.065 0.074  H
2458607.07527 16.155 0.085  H
2458611.07799 16.185 0.093  H
2458612.09290 16.046 0.069  H
2458614.05707 16.216 0.092  H
2458615.04312 16.199 0.096  H
2458616.04395 16.110 0.077  H
2458617.03063 16.369 0.123  H
2458619.02117 16.210 0.089  H
2458620.04257 16.020 0.070  H
2458622.04216 16.381 0.119  H
2458627.05272 16.213 0.096  H
2458628.03388 16.433 0.156  H
2458629.05227 16.215 0.093  H
2458630.02086 16.491 0.149  H
2458632.01824 16.034 0.075  H
2458632.98883 16.118 0.082  H
2458635.00569 16.366 0.117  H
2458636.98936 16.154 0.083  H
2458637.97258 16.268 0.101  H
2458640.02565 16.285 0.112  H
2458642.00538 16.217 0.102  H
2458642.97212 16.241 0.093  H
2458643.99397 16.188 0.091  H
2458644.95677 16.471 0.134  H
2458646.96359 16.119 0.079  H
2458647.98439 16.186 0.091  H
2458648.97470 16.199 0.095  H
2458649.96028 16.257 0.104  H
2458654.95038 16.070 0.077  H
2458659.94475 16.384 0.168  H
2458660.93945 16.122 0.088  H
2458664.88808 16.037 0.073  H
2458665.00676 16.106 0.085  H
2458666.89070 16.040 0.068  H
2458668.90178 16.354 0.111  H
2458669.93877 16.106 0.077  H
2458671.91157 16.060 0.070  H
2458675.85562 16.374 0.127  H
2458676.86466 16.105 0.075  H
2458680.92786 16.207 0.092  H
2458709.81883 16.795 0.225  H
2458710.81733 16.458 0.166  H
2458714.81622 16.370 0.128  H
2458717.85783 16.355 0.116  H
2458718.82909 16.549 0.165  H
2458719.82568 16.278 0.104  H
2458721.82328 16.310 0.113  H
2458724.82320 16.231 0.092  H
2458736.79004 16.320 0.104  H
2457882.08917 15.263 0.082  K
2457887.10017 15.441 0.097  K
2457894.05030 15.271 0.087  K
2457904.01033 15.094 0.066  K
2457921.00922 14.655 0.063  K
2457925.97304 14.347 0.046  K
2457930.93516 13.960 0.047  K
2457935.94461 13.315 0.041  K
2457947.95270 14.263 0.045  K
2457957.85182 14.848 0.067  K
2457967.86835 15.083 0.051  K
2457979.85495 15.251 0.085  K
2458258.03190 15.484 0.106  K
2458263.07101 15.498 0.099  K
2458276.01918 15.498 0.092  K
2458285.97412 15.520 0.100  K
2458290.97167 15.319 0.091  K
2458312.89053 15.590 0.101  K
2458329.89023 15.374 0.095  K
2458613.08938 15.338 0.076  K
2458623.07840 15.433 0.073  K
2458631.03387 15.349 0.061  K
2458636.02203 15.396 0.073  K
2458663.01059 15.460 0.082  K
2458667.89404 15.302 0.060  K
