2458222.08713 15.28200 0.08600	16.42200	H
2458234.12113 15.27600 0.06600	16.41600	H
2458255.01418 15.10000 0.08400	16.24000	H
2458258.00593 15.20500 0.07800	16.34500	H
2458260.99963 15.01300 0.04700	16.15300	H
2458263.97690 15.02800 0.05800	16.16800	H
2458279.93150 14.06700 0.02900	15.20700	H
2458282.93119 14.10100 0.03000	15.24100	H
2458285.95175 14.99300 0.05800	16.13300	H
2458291.92926 15.03900 0.07900	16.17900	H
2458294.93377 14.78300 0.04500	15.92300	H
2458300.94970 14.58100 0.03500	15.72100	H
2458303.96727 14.76000 0.06200	15.90000	H
2458309.86946 15.00500 0.04900	16.14500	H
2458315.90033 15.14400 0.05200	16.28400	H
2458327.86385 15.31400 0.05800	16.45400	H
2458330.80608 15.36300 0.06900	16.50300	H
2458336.79174 15.37400 0.06200	16.51400	H
2457865.07002 15.38000 0.08800	16.52000	H
2457880.05301 15.38800 0.06400	16.52800	H
2457892.00136 15.41700 0.08900	16.55700	H
2457895.04344 15.47400 0.09100	16.61400	H
2457900.99743 15.73600 0.10400	16.87600	H
2457909.96585 15.41500 0.09500	16.55500	H
2457912.94942 15.51800 0.09900	16.65800	H
2457918.94480 15.54600 0.09300	16.68600	H
2457927.94240 15.45500 0.08300	16.59500	H
2457930.91881 15.56300 0.10400	16.70300	H
2457936.92308 15.57300 0.09000	16.71300	H
2457945.92068 15.53700 0.08100	16.67700	H
2457951.86003 15.50600 0.08000	16.64600	H
2457954.83582 15.45800 0.07800	16.59800	H
2457960.84291 15.50900 0.07900	16.64900	H
2457972.81346 15.48700 0.07800	16.62700	H
2457978.80832 15.50200 0.08500	16.64200	H
2458595.08363 15.38600 0.06300	16.52600	H
2458613.06645 15.42100 0.06300	16.56100	H
2458616.02362 15.44700 0.07500	16.58700	H
2458619.00002 15.44900 0.08500	16.58900	H
2458643.97560 15.54900 0.08000	16.68900	H
2458646.94707 15.43300 0.06500	16.57300	H
2458664.87167 15.45000 0.06800	16.59000	H
2458667.86470 15.42200 0.07200	16.56200	H
2458676.84429 15.52500 0.06600	16.66500	H
