2457864.09698 13.413 0.042  H
2457865.08863 13.425 0.043  H
2457878.09246 13.410 0.042  H
2457879.06468 13.391 0.031  H
2457880.07171 13.405 0.037  H
2457881.06148 13.413 0.040  H
2457883.04614 13.433 0.044  H
2457884.06699 13.398 0.034  H
2457885.07808 13.418 0.038  H
2457886.07532 13.447 0.048  H
2457891.02177 13.413 0.034  H
2457892.02661 13.386 0.036  H
2457893.03154 13.441 0.038  H
2457895.06217 13.407 0.036  H
2457898.02433 13.422 0.037  H
2457900.04521 13.398 0.037  H
2457901.02062 13.424 0.038  H
2457902.04418 13.409 0.034  H
2457905.02556 13.417 0.032  H
2457906.00736 13.394 0.037  H
2457908.01337 13.425 0.041  H
2457909.98768 13.410 0.035  H
2457910.97724 13.404 0.030  H
2457912.00465 13.448 0.030  H
2457912.96817 13.450 0.041  H
2457916.98579 13.426 0.037  H
2457917.98263 13.416 0.029  H
2457918.96876 13.421 0.038  H
2457924.94695 13.433 0.036  H
2457926.92838 13.446 0.035  H
2457927.96505 13.410 0.033  H
2457928.94398 13.400 0.038  H
2457929.93845 13.411 0.029  H
2457932.93501 13.394 0.038  H
2457933.91199 13.437 0.033  H
2457934.90533 13.427 0.033  H
2457936.94196 13.392 0.038  H
2457937.91119 13.387 0.029  H
2457939.91442 13.438 0.021  H
2457945.94313 13.382 0.025  H
2457948.88370 13.405 0.030  H
2457949.89802 13.357 0.028  H
2457950.88611 13.360 0.030  H
2457951.87938 13.295 0.023  H
2457953.93370 13.252 0.027  H
2457954.85475 13.237 0.031  H
2457955.87127 13.231 0.027  H
2457958.85223 13.095 0.021  H
2457959.85196 13.148 0.041  H
2457960.86225 13.126 0.025  H
2457961.85710 13.206 0.028  H
2457964.85194 13.261 0.025  H
2457965.84467 13.354 0.020  H
2457966.84125 13.318 0.029  H
2457970.85275 13.362 0.027  H
2457971.84896 13.439 0.025  H
2457972.83249 13.404 0.039  H
2457974.87748 13.409 0.034  H
2457976.85205 13.382 0.026  H
2457977.83817 13.396 0.023  H
2457978.83482 13.402 0.030  H
2457980.83193 13.407 0.035  H
2457981.83091 13.468 0.027  H
2457982.83494 13.438 0.022  H
2457983.82372 13.480 0.030  H
2457988.78935 13.438 0.026  H
2457989.78906 13.448 0.033  H
2457990.78953 13.432 0.032  H
2457991.79069 13.419 0.023  H
2457992.79681 13.409 0.025  H
2457993.83690 13.405 0.024  H
2458222.10694 13.447 0.040  H
2458234.14129 13.455 0.027  H
2458254.03532 13.381 0.030  H
2458255.03322 13.395 0.034  H
2458257.04790 13.417 0.031  H
2458259.04375 13.409 0.034  H
2458260.04151 13.448 0.026  H
2458261.01893 13.390 0.029  H
2458262.01467 13.397 0.029  H
2458263.99617 13.435 0.045  H
2458265.02896 13.410 0.029  H
2458266.03916 13.408 0.026  H
2458266.98158 13.415 0.037  H
2458272.01191 13.398 0.035  H
2458273.05058 13.406 0.028  H
2458273.99494 13.432 0.045  H
2458274.97566 13.455 0.034  H
2458279.95698 13.379 0.038  H
2458281.94347 13.418 0.039  H
2458282.95380 13.386 0.035  H
2458283.93589 13.396 0.038  H
2458284.94936 13.390 0.038  H
2458286.95287 13.399 0.039  H
2458291.94845 13.423 0.047  H
2458292.92278 13.422 0.042  H
2458293.88929 13.543 0.052  H
2458294.95333 13.399 0.039  H
2458298.90766 13.379 0.032  H
2458299.92009 13.421 0.034  H
2458300.96858 13.413 0.032  H
2458303.98798 13.412 0.031  H
2458304.92773 13.413 0.033  H
2458305.92298 13.398 0.041  H
2458308.91460 13.458 0.031  H
2458309.89537 13.389 0.034  H
2458310.91797 13.416 0.034  H
2458311.91913 13.434 0.042  H
2458316.92906 13.473 0.036  H
2458319.93886 13.422 0.038  H
2458321.87727 13.409 0.032  H
2458327.88889 13.403 0.029  H
2458328.83439 13.420 0.051  H
2458330.82785 13.410 0.034  H
2458331.83469 13.459 0.039  H
2458333.83885 13.406 0.037  H
2458335.88598 13.427 0.029  H
2458336.81845 13.413 0.036  H
2458590.10103 13.392 0.027  H
2458591.11207 13.411 0.030  H
2458592.11070 13.453 0.030  H
2458593.10774 13.434 0.030  H
2458594.10651 13.427 0.030  H
2458595.10276 13.417 0.032  H
2458599.09421 13.379 0.024  H
2458600.09531 13.404 0.028  H
2458601.09474 13.410 0.028  H
2458605.07979 13.381 0.029  H
2458606.09093 13.403 0.036  H
2458607.08327 13.406 0.028  H
2458611.08083 13.409 0.030  H
2458612.09578 13.387 0.021  H
2458614.05978 13.393 0.031  H
2458615.04579 13.425 0.031  H
2458616.04663 13.401 0.021  H
2458617.03333 13.441 0.035  H
2458619.02385 13.393 0.036  H
2458620.04527 13.377 0.023  H
2458621.04560 13.401 0.029  H
2458622.04484 13.435 0.031  H
2458627.05569 13.395 0.035  H
2458628.03665 13.428 0.033  H
2458629.05501 13.419 0.026  H
2458630.02356 13.434 0.028  H
2458632.02095 13.378 0.021  H
2458632.99153 13.386 0.032  H
2458633.98505 13.407 0.064  H
2458635.00843 13.440 0.035  H
2458636.99210 13.397 0.024  H
2458637.97527 13.421 0.033  H
2458640.02845 13.430 0.028  H
2458642.00814 13.393 0.036  H
2458642.97486 13.411 0.031  H
2458643.99669 13.405 0.035  H
2458644.95949 13.420 0.031  H
2458646.96632 13.400 0.033  H
2458647.98712 13.398 0.033  H
2458648.97746 13.390 0.028  H
2458649.96328 13.434 0.033  H
2458653.95368 13.454 0.034  H
2458654.95327 13.403 0.031  H
2458659.94748 13.380 0.040  H
2458660.94218 13.416 0.029  H
2458664.89082 13.377 0.023  H
2458665.00952 13.415 0.040  H
2458665.90495 13.411 0.027  H
2458666.89343 13.394 0.031  H
2458668.90453 13.444 0.027  H
2458669.94149 13.397 0.029  H
2458671.91430 13.383 0.026  H
2458674.88590 13.466 0.030  H
2458675.85839 13.432 0.026  H
2458676.86744 13.397 0.035  H
2458680.93062 13.378 0.029  H
2458708.82703 13.401 0.027  H
2458709.82162 13.464 0.100  H
2458710.82017 13.403 0.036  H
2458714.81909 13.436 0.039  H
2458715.81564 13.494 0.049  H
2458717.86063 13.426 0.046  H
2458718.83192 13.438 0.027  H
2458719.82850 13.408 0.032  H
2458721.82610 13.410 0.027  H
2458724.82602 13.420 0.029  H
2458736.79710 13.404 0.033  H
