2457864.09016 13.753 0.022  H
2457865.08200 13.760 0.023  H
2457878.08573 13.733 0.046  H
2457879.05803 13.696 0.048  H
2457880.06506 13.705 0.043  H
2457881.05480 13.699 0.034  H
2457883.03948 13.751 0.040  H
2457884.05334 13.695 0.041  H
2457885.07080 13.719 0.033  H
2457886.06836 13.753 0.022  H
2457891.01512 13.714 0.029  H
2457892.01998 13.693 0.040  H
2457893.02488 13.747 0.022  H
2457895.05549 13.743 0.021  H
2457898.01767 13.720 0.025  H
2457900.03853 13.714 0.031  H
2457901.01383 13.738 0.023  H
2457902.03747 13.714 0.028  H
2457905.01333 13.745 0.021  H
2457906.00068 13.728 0.040  H
2457908.00669 13.746 0.021  H
2457909.98098 13.733 0.022  H
2457910.97056 13.720 0.042  H
2457911.99796 13.726 0.108  H
2457912.96152 13.730 0.022  H
2457916.97911 13.693 0.044  H
2457917.97593 13.723 0.028  H
2457918.96187 13.738 0.028  H
2457924.94023 13.732 0.021  H
2457926.92170 13.713 0.029  H
2457927.95833 13.709 0.037  H
2457928.93160 13.705 0.021  H
2457929.93158 13.725 0.030  H
2457932.92494 13.750 0.042  H
2457933.90529 13.719 0.024  H
2457934.89860 13.706 0.033  H
2457936.93529 13.727 0.021  H
2457937.90439 13.697 0.029  H
2457939.90772 13.734 0.032  H
2457945.93641 13.689 0.021  H
2457948.87689 13.723 0.023  H
2457949.89126 13.654 0.031  H
2457950.87938 13.654 0.028  H
2457951.87264 13.644 0.022  H
2457953.92590 13.653 0.021  H
2457954.84803 13.637 0.032  H
2457955.86453 13.655 0.027  H
2457958.84534 13.589 0.036  H
2457959.84525 13.624 0.022  H
2457960.85552 13.589 0.034  H
2457961.85033 13.617 0.021  H
2457964.84518 13.541 0.020  H
2457965.83778 13.515 0.036  H
2457966.83452 13.522 0.037  H
2457970.84602 13.497 0.021  H
2457971.84219 13.481 0.023  H
2457972.82571 13.442 0.033  H
2457974.88146 13.412 0.037  H
2457976.84530 13.353 0.033  H
2457977.83142 13.359 0.029  H
2457978.82806 13.324 0.040  H
2457980.82501 13.298 0.019  H
2457981.82415 13.268 0.022  H
2457982.82749 13.243 0.023  H
2457983.81693 13.208 0.022  H
2457988.79334 13.074 0.021  H
2457989.79305 13.045 0.021  H
2457990.79351 12.972 0.023  H
2457991.79471 12.940 0.018  H
2457992.80080 11.493 0.015  H
2457993.84088 11.846 0.016  H
2457487.15468 13.887 0.046  H
2457488.08533 13.861 0.056  H
2457488.13141 13.883 0.041  H
2457489.09030 13.848 0.060  H
2457489.14448 13.831 0.059  H
2457490.09450 13.850 0.065  H
2457490.14433 13.861 0.050  H
2457491.10338 13.871 0.045  H
2457491.14769 13.878 0.050  H
2457492.09939 13.888 0.053  H
2457492.14407 13.873 0.050  H
2457493.08934 13.875 0.088  H
2457493.13357 13.911 0.072  H
2457494.08012 13.853 0.060  H
2457494.12436 13.872 0.043  H
2457495.08280 13.816 0.058  H
2457495.13352 13.855 0.056  H
2457496.07213 13.859 0.068  H
2457496.12989 13.860 0.053  H
2457497.08870 13.875 0.063  H
2457497.13464 13.870 0.055  H
2457498.05303 13.848 0.057  H
2457498.09835 13.852 0.055  H
2457499.08421 13.871 0.052  H
2457499.12854 13.894 0.053  H
2457500.11174 13.887 0.045  H
2457501.09198 13.864 0.043  H
2457502.05857 13.725 0.225  H
2457502.10308 13.882 0.043  H
2457503.05338 13.886 0.048  H
2457503.09836 13.884 0.043  H
2457507.05361 13.871 0.059  H
2457507.10438 13.842 0.051  H
2457508.06623 13.866 0.046  H
2457508.11099 13.888 0.057  H
2457509.05709 13.876 0.045  H
2457509.10888 13.840 0.062  H
2457510.02845 13.878 0.054  H
2457510.13432 13.873 0.055  H
2457511.03901 13.868 0.045  H
2457511.08796 13.904 0.075  H
2457512.04704 13.870 0.047  H
2457512.09555 13.855 0.048  H
2457513.02427 13.821 0.040  H
2457513.07232 13.842 0.064  H
2457515.01730 13.855 0.058  H
2457515.06286 13.876 0.057  H
2457516.01304 13.905 0.059  H
2457516.05860 13.844 0.060  H
2457517.02515 13.883 0.047  H
2457517.06885 13.687 0.221  H
2457519.03919 13.838 0.065  H
2457519.08774 13.872 0.061  H
2457520.04561 13.907 0.056  H
2457520.09059 13.874 0.056  H
2457521.04493 13.863 0.047  H
2457521.08795 13.846 0.055  H
2457523.07298 13.888 0.072  H
2457524.03654 13.855 0.048  H
2457524.09965 13.905 0.061  H
2457525.01991 13.862 0.059  H
2457526.01336 13.848 0.054  H
2457526.05774 13.847 0.056  H
2457527.01803 13.879 0.046  H
2457527.06821 13.833 0.062  H
2457527.99265 13.880 0.051  H
2457528.03767 13.880 0.039  H
2457528.99520 13.858 0.057  H
2457529.04369 13.825 0.061  H
2457529.98434 13.865 0.055  H
2457530.04226 13.859 0.060  H
2457531.02039 13.829 0.048  H
2457531.06804 13.840 0.047  H
2457532.00459 13.862 0.053  H
2457532.05178 13.861 0.058  H
2457535.05088 13.857 0.048  H
2457536.02687 13.863 0.049  H
2457536.07579 13.862 0.045  H
2457538.08601 13.907 0.047  H
2457539.01053 13.876 0.049  H
2457539.05423 13.866 0.047  H
2457539.96242 13.887 0.063  H
2457540.01003 13.842 0.059  H
2457540.98675 13.862 0.044  H
2457541.04366 13.857 0.041  H
2457541.96329 13.843 0.041  H
2457542.00963 13.839 0.055  H
2457542.06185 13.838 0.045  H
2457542.93702 13.892 0.031  H
2457542.98565 13.889 0.036  H
2457543.03786 13.858 0.053  H
2457543.97031 13.863 0.048  H
2457544.01961 13.851 0.055  H
2457544.06721 13.840 0.046  H
2457544.93795 13.898 0.047  H
2457544.98754 13.833 0.048  H
2457545.95217 13.900 0.044  H
2457546.00130 13.849 0.044  H
2457546.05854 13.866 0.049  H
2457546.92327 13.862 0.040  H
2457546.97008 13.831 0.044  H
2457547.01454 13.828 0.043  H
2457547.96274 13.841 0.044  H
2457548.00674 13.848 0.046  H
2457548.05427 13.830 0.045  H
2457548.96900 13.866 0.051  H
2457549.01371 13.829 0.047  H
2457549.96151 13.839 0.056  H
2457550.01337 13.848 0.050  H
2457550.94853 13.831 0.054  H
2457550.99378 13.824 0.056  H
2457551.04387 13.854 0.044  H
2457554.95942 13.829 0.030  H
2457555.00595 13.868 0.041  H
2457555.04936 13.891 0.045  H
2457555.92030 13.869 0.029  H
2457555.96385 13.826 0.060  H
2457556.01671 13.813 0.112  H
2457558.93275 13.834 0.055  H
2457558.97923 13.842 0.045  H
2457559.02732 13.876 0.044  H
2457561.92833 13.845 0.044  H
2457561.97771 13.849 0.042  H
2457562.02664 13.889 0.054  H
2457562.88084 13.852 0.046  H
2457562.92944 13.839 0.056  H
2457562.97525 13.845 0.042  H
2457563.91598 13.843 0.050  H
2457563.95992 13.865 0.050  H
2457564.91294 13.837 0.055  H
2457564.95674 13.846 0.045  H
2457565.00710 13.835 0.057  H
2457567.97776 13.872 0.046  H
2457573.85591 13.869 0.051  H
2457573.90653 13.855 0.049  H
2457573.95321 13.856 0.047  H
2457574.86787 13.888 0.050  H
2457574.91498 13.850 0.054  H
2457574.96037 13.865 0.049  H
2457575.89780 13.933 0.058  H
2457575.95363 13.825 0.057  H
2457576.86863 13.876 0.042  H
2457576.91532 13.838 0.045  H
2457576.96427 13.835 0.039  H
2457577.84439 13.830 0.037  H
2457577.89091 13.839 0.040  H
2457577.93803 13.858 0.052  H
2458222.10021 13.737 0.021  H
2458234.13467 13.738 0.021  H
2458254.01560 13.801 0.025  H
2458255.02647 13.775 0.028  H
2458257.04085 13.795 0.031  H
2458259.03698 13.784 0.031  H
2458260.03472 13.790 0.032  H
2458261.01204 13.775 0.028  H
2458262.00773 13.798 0.026  H
2458263.98930 13.786 0.030  H
2458265.02229 13.786 0.035  H
2458266.03249 13.805 0.031  H
2458266.97492 13.811 0.042  H
2458271.99419 13.803 0.048  H
2458273.04370 13.789 0.038  H
2458273.98759 13.788 0.027  H
2458274.96884 13.781 0.039  H
2458279.95027 13.798 0.032  H
2458281.94758 13.798 0.027  H
2458282.94696 13.814 0.028  H
2458283.94006 13.811 0.033  H
2458284.95342 13.803 0.035  H
2458286.95705 13.807 0.038  H
2458291.94140 13.812 0.032  H
2458292.92689 13.798 0.032  H
2458294.94592 13.791 0.027  H
2458298.91176 13.774 0.024  H
2458299.92419 13.801 0.034  H
2458300.96189 13.803 0.026  H
2458303.98118 13.830 0.031  H
2458304.93177 13.797 0.044  H
2458305.91626 13.802 0.030  H
2458308.90786 13.833 0.034  H
2458309.88174 13.812 0.025  H
2458310.91124 13.780 0.024  H
2458311.91228 13.830 0.029  H
2458315.91251 13.799 0.031  H
2458316.91843 13.822 0.034  H
2458319.93212 13.827 0.034  H
2458321.87053 13.806 0.027  H
2458327.87613 13.772 0.026  H
2458328.82714 13.842 0.027  H
2458330.82109 13.803 0.032  H
2458331.82570 13.795 0.033  H
2458333.83209 13.797 0.043  H
2458335.87923 13.811 0.031  H
2458336.81171 13.791 0.030  H
2458590.09439 13.793 0.026  H
2458591.10543 13.850 0.025  H
2458592.10403 13.837 0.025  H
2458593.10097 13.832 0.022  H
2458594.09972 13.819 0.027  H
2458595.09586 13.805 0.026  H
2458599.08734 13.807 0.034  H
2458600.08857 13.806 0.034  H
2458601.08757 13.812 0.032  H
2458605.07304 13.778 0.031  H
2458606.08419 13.802 0.036  H
2458607.07119 13.818 0.032  H
2458611.07388 13.802 0.039  H
2458612.08872 13.799 0.025  H
2458614.05256 13.797 0.027  H
2458615.03904 13.827 0.032  H
2458616.03987 13.799 0.035  H
2458617.02654 13.834 0.025  H
2458619.01696 13.809 0.030  H
2458620.03843 13.802 0.034  H
2458621.03885 13.829 0.024  H
2458622.03807 13.848 0.033  H
2458627.04828 13.815 0.033  H
2458628.02964 13.839 0.025  H
2458629.04780 13.823 0.029  H
2458630.01645 13.846 0.026  H
2458632.01413 13.800 0.032  H
2458632.98435 13.814 0.030  H
2458633.97797 13.625 0.123  H
2458635.00159 13.843 0.023  H
2458636.98521 13.827 0.028  H
2458637.96849 13.847 0.028  H
2458640.02155 13.833 0.030  H
2458642.00120 13.854 0.026  H
2458642.96804 13.818 0.034  H
2458643.98989 13.817 0.034  H
2458644.95268 13.840 0.030  H
2458646.95948 13.811 0.031  H
2458647.98025 13.819 0.037  H
2458648.97058 13.824 0.026  H
2458649.95619 13.843 0.024  H
2458653.94638 13.814 0.034  H
2458654.94629 13.816 0.029  H
2458659.94067 13.833 0.072  H
2458660.93514 13.813 0.033  H
2458664.88400 13.811 0.031  H
2458665.00269 13.812 0.033  H
2458665.89794 13.806 0.036  H
2458666.88662 13.796 0.034  H
2458667.00215 13.824 0.038  H
2458668.89770 13.841 0.023  H
2458669.93469 13.824 0.029  H
2458671.90738 13.813 0.034  H
2458674.87869 13.850 0.025  H
2458675.85153 13.831 0.024  H
2458676.85680 13.816 0.031  H
2458680.92376 13.832 0.031  H
2458708.81309 13.854 0.085  H
2458709.81473 13.823 0.025  H
2458710.81324 13.719 0.035  H
2458711.87655 13.844 0.035  H
2458711.87734 13.815 0.034  H
2458712.87190 13.871 0.141  H
2458714.81204 13.841 0.024  H
2458717.85301 13.815 0.034  H
2458718.82500 13.854 0.025  H
2458719.82156 13.851 0.028  H
2458721.81919 13.848 0.069  H
2458724.81909 13.846 0.029  H
2458736.78596 13.839 0.033  H
