2458590.04321 14.224 0.017  K
2458590.07232 14.208 0.016  K
2458590.12021 14.243 0.017  K
2458591.05471 14.234 0.024  K
2458591.08226 14.203 0.021  K
2458591.13641 14.273 0.023  K
2458592.05895 14.285 0.024  K
2458592.12995 14.223 0.033  K
2458593.05451 14.257 0.024  K
2458593.08291 14.215 0.024  K
2458593.12726 14.231 0.021  K
2458594.05390 14.230 0.019  K
2458594.08180 14.234 0.026  K
2458594.12600 14.232 0.018  K
2458595.05044 14.242 0.016  K
2458595.12229 14.251 0.020  K
2458599.03510 14.247 0.021  K
2458599.06322 14.246 0.018  K
2458599.11461 14.208 0.019  K
2458600.03546 14.273 0.020  K
2458600.06318 14.246 0.018  K
2458600.11482 14.208 0.017  K
2458601.03018 14.270 0.026  K
2458601.11424 14.219 0.018  K
2458605.02487 14.223 0.016  K
2458605.05509 14.237 0.016  K
2458605.09924 14.243 0.017  K
2458606.02828 14.257 0.018  K
2458606.06201 14.234 0.018  K
2458606.11037 14.201 0.025  K
2458607.10299 14.220 0.018  K
2458611.02328 14.198 0.018  K
2458611.05157 14.166 0.021  K
2458611.10055 14.210 0.023  K
2458612.03539 14.230 0.017  K
2458612.06394 14.201 0.016  K
2458612.11584 14.197 0.017  K
2458613.02589 14.212 0.020  K
2458613.11171 14.198 0.018  K
2458614.00491 14.226 0.018  K
2458614.08294 14.208 0.019  K
2458614.98893 14.244 0.020  K
2458615.01733 14.222 0.019  K
2458615.06533 14.242 0.024  K
2458615.99027 14.198 0.017  K
2458616.06628 14.224 0.019  K
2458616.98081 14.212 0.020  K
2458617.00856 14.164 0.027  K
2458617.05805 14.213 0.020  K
2458618.02768 14.230 0.029  K
2458618.02899 14.147 0.024  K
2458618.03065 14.173 0.024  K
2458618.96686 14.197 0.019  K
2458619.04326 14.203 0.018  K
2458619.98278 14.195 0.017  K
2458620.06463 14.224 0.017  K
2458620.98653 14.196 0.020  K
2458621.01473 14.190 0.021  K
2458621.06517 14.254 0.018  K
2458621.98693 14.246 0.028  K
2458622.07233 14.234 0.023  K
2458623.03442 14.205 0.021  K
2458623.03575 14.177 0.019  K
2458623.03707 14.206 0.022  K
2458626.99799 14.177 0.017  K
2458627.02639 14.192 0.018  K
2458627.07561 14.194 0.019  K
2458627.97583 14.197 0.022  K
2458628.00437 14.165 0.025  K
2458628.05641 14.184 0.027  K
2458628.99422 14.172 0.021  K
2458629.07498 14.193 0.022  K
2458629.96667 14.197 0.026  K
2458629.99479 14.190 0.025  K
2458630.04337 14.166 0.030  K
2458630.98709 14.175 0.016  K
2458630.98869 14.151 0.016  K
2458630.99003 14.160 0.016  K
2458631.96742 14.134 0.016  K
2458632.04799 14.139 0.016  K
2458632.93494 14.151 0.017  K
2458632.96507 14.145 0.017  K
2458633.01123 14.131 0.016  K
2458633.92705 14.212 0.021  K
2458633.95630 14.138 0.024  K
2458634.00445 14.143 0.021  K
2458634.94721 14.153 0.029  K
2458635.02780 14.110 0.026  K
2458635.97646 14.141 0.018  K
2458635.97809 14.156 0.020  K
2458635.97961 14.141 0.018  K
2458636.93265 14.128 0.019  K
2458636.96085 14.162 0.017  K
2458637.01150 14.163 0.017  K
2458637.91876 14.100 0.029  K
2458637.99464 14.142 0.021  K
2458639.94721 14.073 0.016  K
2458639.97605 14.073 0.019  K
2458640.04774 14.097 0.017  K
2458641.95442 14.081 0.020  K
2458641.98277 14.043 0.019  K
2458642.91149 14.048 0.021  K
2458642.94994 14.044 0.017  K
2458642.99429 14.029 0.019  K
2458643.94206 14.054 0.020  K
2458644.01594 14.021 0.017  K
2458644.93018 13.992 0.018  K
2458644.97873 13.992 0.021  K
2458645.94398 13.930 0.016  K
2458645.94530 13.964 0.016  K
2458645.94663 13.944 0.018  K
2458646.90506 13.894 0.015  K
2458646.98577 13.871 0.016  K
2458647.92733 13.887 0.014  K
2458647.95542 13.880 0.017  K
2458648.00655 13.885 0.015  K
2458648.91792 13.794 0.014  K
2458648.94592 13.779 0.014  K
2458648.99687 13.767 0.013  K
2458649.90585 13.729 0.016  K
2458649.98255 13.702 0.016  K
2458653.89595 13.276 0.014  K
2458653.92370 13.290 0.013  K
2458653.97477 13.264 0.013  K
2458654.89501 13.427 0.013  K
2458654.92280 13.417 0.012  K
2458654.97280 13.442 0.012  K
2458655.90290 13.578 0.020  K
2458656.89562 13.716 0.015  K
2458659.89014 13.786 0.022  K
2458659.92026 13.828 0.022  K
2458659.96670 13.811 0.025  K
2458660.88376 13.781 0.016  K
2458660.91703 13.745 0.015  K
2458660.96141 13.688 0.018  K
2458662.96627 13.696 0.016  K
2458662.96759 13.688 0.019  K
2458662.96892 13.687 0.016  K
2458664.83395 13.868 0.015  K
2458664.90996 13.853 0.015  K
2458664.95636 13.876 0.014  K
2458664.98416 13.831 0.015  K
2458665.84306 13.903 0.021  K
2458665.87120 13.914 0.019  K
2458666.83635 13.967 0.016  K
2458666.86443 13.955 0.014  K
2458666.91266 13.975 0.015  K
2458666.95567 13.984 0.015  K
2458666.98362 13.966 0.016  K
2458667.83126 13.992 0.016  K
2458667.91574 13.990 0.016  K
2458667.95889 13.995 0.015  K
2458667.98718 13.999 0.015  K
2458668.84606 14.002 0.020  K
2458668.87422 14.023 0.019  K
2458668.92370 14.011 0.020  K
2458669.88478 13.989 0.016  K
2458669.91300 14.025 0.017  K
2458669.96060 14.041 0.018  K
2458671.85706 14.028 0.016  K
2458671.88483 14.015 0.017  K
2458671.93349 14.037 0.015  K
2458672.90580 14.074 0.034  K
2458672.90728 14.014 0.024  K
2458672.90873 14.015 0.032  K
2458674.82872 14.044 0.022  K
2458674.86052 14.057 0.021  K
2458674.95379 14.086 0.027  K
2458675.80109 14.028 0.026  K
2458675.83334 14.013 0.020  K
2458675.88545 14.036 0.017  K
2458676.81044 14.051 0.016  K
2458676.88659 14.031 0.018  K
2458677.88363 14.007 0.025  K
2458677.88521 14.025 0.025  K
2458677.88653 14.024 0.026  K
2458680.87340 14.048 0.016  K
2458680.90150 14.036 0.017  K
2458680.95013 14.058 0.020  K
2458708.75670 14.256 0.035  K
2458708.79470 14.186 0.020  K
2458709.76504 14.197 0.036  K
2458709.79346 14.174 0.035  K
2458709.84062 14.246 0.032  K
2458710.76138 14.196 0.024  K
2458710.79484 14.160 0.020  K
2458710.84623 14.191 0.020  K
2458711.82421 14.202 0.018  K
2458711.85721 14.197 0.023  K
2458712.79731 14.222 0.038  K
2458712.85331 14.268 0.058  K
2458713.85676 14.215 0.025  K
2458714.75265 14.218 0.026  K
2458714.78826 14.224 0.027  K
2458714.84349 14.199 0.020  K
2458715.75254 14.195 0.038  K
2458715.78711 14.187 0.042  K
2458715.83868 14.191 0.030  K
2458716.82981 14.214 0.023  K
2458717.80087 14.201 0.030  K
2458717.83465 14.285 0.028  K
2458718.77199 14.232 0.022  K
2458718.80645 14.208 0.029  K
2458718.85095 14.234 0.022  K
2458719.76880 14.182 0.020  K
2458719.80284 14.229 0.022  K
2458719.84751 14.188 0.027  K
2458721.76996 14.219 0.033  K
2458721.80083 14.180 0.048  K
2458722.81818 14.222 0.028  K
2458724.76659 14.212 0.037  K
2458724.80069 14.191 0.026  K
2458733.77721 14.302 0.060  K
2458734.76787 14.208 0.027  K
2458734.80364 14.239 0.034  K
2458736.73525 14.580 0.037  K
2458736.76711 14.240 0.028  K
2457864.03144 14.188 0.017  K
2457864.07036 14.205 0.019  K
2457864.11615 14.199 0.016  K
2457865.02608 14.218 0.017  K
2457865.10781 14.208 0.028  K
2457878.02352 14.177 0.021  K
2457878.06798 14.271 0.025  K
2457878.11168 14.207 0.019  K
2457878.99295 14.190 0.017  K
2457879.03268 14.177 0.017  K
2457879.08386 14.203 0.016  K
2457880.00072 14.156 0.016  K
2457880.09094 14.206 0.016  K
2457880.99417 14.248 0.016  K
2457881.03679 14.197 0.015  K
2457881.08063 14.159 0.015  K
2457882.02792 14.170 0.017  K
2457882.02923 14.173 0.016  K
2457882.03054 14.206 0.017  K
2457882.97982 14.242 0.020  K
2457883.06533 14.213 0.019  K
2457883.99584 14.215 0.016  K
2457884.03564 14.174 0.015  K
2457884.08683 14.237 0.016  K
2457885.01178 14.250 0.016  K
2457885.05190 14.191 0.016  K
2457885.10190 14.231 0.018  K
2457886.00486 14.218 0.020  K
2457886.09496 14.212 0.031  K
2457887.03261 14.224 0.032  K
2457887.03392 14.219 0.025  K
2457887.03550 14.239 0.030  K
2457890.95573 14.227 0.017  K
2457890.99736 14.191 0.016  K
2457891.04088 14.188 0.016  K
2457891.95747 14.233 0.016  K
2457892.04583 14.205 0.015  K
2457892.96052 14.238 0.019  K
2457893.00712 14.246 0.020  K
2457893.05066 14.236 0.021  K
2457893.99257 14.217 0.018  K
2457893.99386 14.197 0.018  K
2457893.99517 14.192 0.018  K
2457894.94536 14.199 0.016  K
2457895.08128 14.239 0.016  K
2457897.96232 14.258 0.022  K
2457898.04419 14.200 0.016  K
2457899.03326 14.202 0.015  K
2457899.03566 14.217 0.017  K
2457899.97535 14.200 0.017  K
2457900.01446 14.144 0.015  K
2457900.06432 14.225 0.017  K
2457900.95339 14.240 0.018  K
2457901.04023 14.200 0.018  K
2457901.96267 14.191 0.016  K
2457902.01011 14.216 0.017  K
2457902.06352 14.167 0.016  K
2457902.95273 14.243 0.019  K
2457903.93516 14.242 0.018  K
2457904.03257 14.225 0.016  K
2457904.95695 14.199 0.018  K
2457904.99557 14.221 0.018  K
2457905.04469 14.233 0.017  K
2457905.93373 14.234 0.017  K
2457905.97228 14.184 0.016  K
2457906.02649 14.223 0.015  K
2457907.94184 14.232 0.022  K
2457907.98031 14.160 0.016  K
2457908.03239 14.241 0.018  K
2457909.91883 14.220 0.019  K
2457910.00699 14.256 0.019  K
2457910.90254 14.200 0.017  K
2457910.94117 14.167 0.016  K
2457910.99630 14.238 0.018  K
2457911.93982 14.205 0.016  K
2457911.97842 14.200 0.017  K
2457912.90578 14.252 0.021  K
2457912.98714 14.215 0.022  K
2457916.91698 14.226 0.015  K
2457916.96128 14.205 0.017  K
2457917.01111 14.257 0.017  K
2457917.91453 14.219 0.018  K
2457917.95798 14.205 0.019  K
2457918.00577 14.180 0.017  K
2457918.90149 14.260 0.018  K
2457918.98784 14.250 0.017  K
2457920.95006 14.198 0.018  K
2457920.95135 14.206 0.017  K
2457920.95265 14.194 0.017  K
2457924.88224 14.221 0.022  K
2457924.96590 14.244 0.020  K
2457925.92178 14.220 0.015  K
2457925.92309 14.208 0.016  K
2457925.92439 14.228 0.016  K
2457926.86527 14.221 0.018  K
2457926.90388 14.133 0.017  K
2457926.95349 14.194 0.016  K
2457927.89835 14.220 0.016  K
2457927.98448 14.247 0.016  K
2457928.87053 14.208 0.021  K
2457928.91310 14.188 0.017  K
2457928.96400 14.204 0.016  K
2457929.86202 14.233 0.018  K
2457929.90732 14.204 0.018  K
2457929.95738 14.179 0.016  K
2457930.87011 14.203 0.017  K
2457930.95656 14.240 0.019  K
2457931.91352 14.207 0.015  K
2457931.95602 14.264 0.020  K
2457932.86208 14.216 0.028  K
2457932.90685 14.250 0.025  K
2457932.95479 14.282 0.026  K
2457933.84400 14.293 0.030  K
2457933.93093 14.230 0.019  K
2457934.84211 14.224 0.019  K
2457934.88060 14.185 0.018  K
2457934.92425 14.171 0.017  K
2457935.89306 14.199 0.024  K
2457935.89436 14.296 0.025  K
2457935.89564 14.267 0.023  K
2457936.87553 14.271 0.021  K
2457936.96079 14.265 0.018  K
2457937.83876 14.253 0.018  K
2457937.88611 14.215 0.016  K
2457937.93034 14.195 0.015  K
2457939.84753 14.222 0.043  K
2457939.93332 14.590 0.069  K
2457944.87612 14.258 0.019  K
2457944.92936 14.256 0.022  K
2457945.87722 14.226 0.017  K
2457945.96239 14.246 0.023  K
2457947.89879 14.240 0.020  K
2457947.90009 14.237 0.022  K
2457947.90140 14.238 0.022  K
2457948.81397 14.242 0.033  K
2457948.90280 14.263 0.025  K
2457949.83233 14.226 0.020  K
2457949.87313 14.223 0.019  K
2457949.91688 14.225 0.020  K
2457950.81684 14.213 0.020  K
2457950.86135 14.164 0.016  K
2457950.90497 14.200 0.017  K
2457951.81218 14.186 0.017  K
2457951.89821 14.241 0.019  K
2457952.88456 14.205 0.015  K
2457952.88586 14.202 0.015  K
2457952.88717 14.199 0.015  K
2457953.86447 14.248 0.018  K
2457953.90760 14.219 0.017  K
2457953.95250 14.229 0.019  K
2457954.79184 14.218 0.019  K
2457954.87357 14.196 0.017  K
2457955.80820 14.202 0.017  K
2457955.84661 14.204 0.017  K
2457955.89011 14.211 0.020  K
2457957.78870 14.272 0.023  K
2457957.87315 14.243 0.029  K
2457958.78472 14.196 0.016  K
2457958.82743 14.206 0.016  K
2457958.87814 14.229 0.015  K
2457959.78471 14.224 0.023  K
2457959.82627 14.209 0.021  K
2457959.87078 14.190 0.024  K
2457960.78825 14.226 0.025  K
2457960.88483 14.359 0.037  K
2457961.78363 14.254 0.020  K
2457961.83145 14.213 0.040  K
2457961.87907 14.252 0.023  K
2457964.78254 14.239 0.019  K
2457964.82682 14.213 0.017  K
2457964.87069 14.173 0.017  K
2457965.76957 14.222 0.025  K
2457965.81983 14.337 0.046  K
2457965.86342 14.369 0.063  K
2457966.77610 14.237 0.019  K
2457966.86034 14.244 0.019  K
2457967.81475 14.201 0.015  K
2457967.81606 14.201 0.015  K
2457967.81736 14.195 0.015  K
2457970.78021 14.264 0.031  K
2457970.82799 14.253 0.019  K
2457970.88295 14.258 0.021  K
2457971.77848 14.212 0.020  K
2457971.81799 14.193 0.021  K
2457971.86875 14.250 0.018  K
2457972.76801 14.311 0.022  K
2457972.85119 14.219 0.020  K
2457974.84336 14.284 0.022  K
2457976.77389 14.219 0.015  K
2457976.82326 14.234 0.016  K
2457976.87333 14.241 0.016  K
2457977.76741 14.179 0.018  K
2457977.81336 14.230 0.016  K
2457977.85697 14.207 0.017  K
2457978.76398 14.189 0.016  K
2457978.85352 14.201 0.015  K
2457979.80343 14.211 0.018  K
2457979.80473 14.220 0.018  K
2457979.80602 14.222 0.017  K
2457980.76327 14.220 0.020  K
2457980.80227 14.177 0.021  K
2457980.85096 14.270 0.019  K
2457981.76825 14.242 0.025  K
2457981.85601 14.216 0.017  K
2457982.76646 14.244 0.027  K
2457982.80513 14.254 0.026  K
2457982.85418 14.288 0.025  K
2457983.76029 14.198 0.021  K
2457983.79891 14.202 0.018  K
2457983.84747 14.224 0.018  K
2457985.80100 14.148 0.022  K
2457988.75918 14.216 0.022  K
2457988.83351 14.255 0.028  K
2457989.75817 14.250 0.020  K
2457989.82436 14.294 0.038  K
2457990.75915 14.225 0.017  K
2457990.82544 14.239 0.018  K
2457991.76008 14.218 0.016  K
2457991.82571 14.215 0.030  K
2457992.75958 14.231 0.018  K
2457992.83300 14.191 0.016  K
2457993.80593 14.185 0.030  K
2458222.05418 14.254 0.019  K
2458222.12653 14.205 0.016  K
2458234.07771 14.289 0.021  K
2458236.11673 14.276 0.029  K
2458236.11803 14.304 0.030  K
2458236.11935 14.257 0.028  K
2458253.96899 14.298 0.020  K
2458253.99681 14.310 0.024  K
2458254.05447 14.258 0.018  K
2458254.98051 14.267 0.019  K
2458255.05790 14.251 0.020  K
2458256.99423 14.256 0.021  K
2458257.02200 14.305 0.020  K
2458257.06710 14.254 0.021  K
2458257.97177 14.217 0.033  K
2458258.05412 14.208 0.048  K
2458258.99112 14.254 0.023  K
2458259.01883 14.262 0.021  K
2458259.06805 14.312 0.030  K
2458259.98834 14.276 0.027  K
2458260.01627 14.252 0.021  K
2458260.06104 14.239 0.021  K
2458260.96279 14.240 0.017  K
2458261.03848 14.244 0.016  K
2458261.96118 14.281 0.019  K
2458261.98962 14.284 0.021  K
2458262.04414 14.219 0.017  K
2458263.02720 14.268 0.020  K
2458263.02850 14.243 0.023  K
2458263.03004 14.261 0.021  K
2458263.94430 14.251 0.023  K
2458264.01633 14.225 0.025  K
2458264.96931 14.318 0.032  K
2458265.00455 14.254 0.026  K
2458265.04803 14.243 0.018  K
2458265.97928 14.228 0.022  K
2458266.01221 14.272 0.019  K
2458266.05852 14.254 0.022  K
2458266.93022 14.234 0.023  K
2458267.00060 14.193 0.022  K
2458271.94630 14.284 0.023  K
2458271.97508 14.227 0.028  K
2458272.04982 14.253 0.031  K
2458272.99131 14.273 0.036  K
2458273.02568 14.230 0.023  K
2458273.06990 14.247 0.026  K
2458273.94271 14.270 0.026  K
2458274.01399 14.234 0.032  K
2458274.91665 14.273 0.037  K
2458274.95009 14.263 0.036  K
2458274.99512 14.289 0.032  K
2458275.97573 14.253 0.034  K
2458275.97746 14.334 0.039  K
2458275.97877 14.211 0.029  K
2458279.89835 14.244 0.019  K
2458279.97647 14.248 0.017  K
2458281.91294 14.268 0.024  K
2458281.97933 14.231 0.021  K
2458282.89691 14.280 0.019  K
2458282.97323 14.260 0.018  K
2458283.90100 14.239 0.030  K
2458283.97214 14.248 0.019  K
2458284.91390 14.213 0.018  K
2458284.98446 14.231 0.018  K
2458285.91156 14.255 0.020  K
2458285.99593 14.270 0.034  K
2458286.91829 14.250 0.025  K
2458286.98896 14.278 0.019  K
2458290.92852 14.234 0.018  K
2458290.93013 14.245 0.018  K
2458290.93144 14.264 0.019  K
2458291.89230 14.255 0.024  K
2458291.96802 14.270 0.050  K
2458292.88869 14.233 0.020  K
2458292.95854 14.207 0.021  K
2458293.85148 14.226 0.019  K
2458293.92490 14.255 0.039  K
2458294.89218 14.234 0.022  K
2458294.97284 14.246 0.020  K
2458298.87215 14.242 0.018  K
2458298.94400 14.202 0.019  K
2458299.88620 14.256 0.025  K
2458299.95850 14.246 0.026  K
2458300.90501 14.258 0.018  K
2458300.98825 14.251 0.021  K
2458303.93410 14.260 0.020  K
2458304.89250 14.227 0.017  K
2458304.96523 14.250 0.017  K
2458305.85508 14.235 0.023  K
2458305.88985 14.161 0.023  K
2458305.94207 14.239 0.018  K
2458307.90312 14.241 0.025  K
2458307.90443 14.241 0.024  K
2458307.92638 14.221 0.018  K
2458308.85861 14.245 0.038  K
2458308.88591 14.231 0.025  K
2458308.93351 14.267 0.027  K
2458309.83306 14.231 0.021  K
2458309.91423 14.290 0.019  K
2458310.85752 14.303 0.030  K
2458310.88561 14.213 0.019  K
2458310.93704 14.246 0.019  K
2458311.86091 14.235 0.024  K
2458311.88904 14.217 0.023  K
2458311.93878 14.241 0.033  K
2458312.83174 14.211 0.020  K
2458312.91193 14.233 0.027  K
2458315.86526 14.234 0.017  K
2458315.94118 14.261 0.023  K
2458316.87144 14.286 0.044  K
2458316.90046 14.315 0.037  K
2458316.95021 14.256 0.040  K
2458317.94829 14.332 0.053  K
2458317.94960 14.294 0.055  K
2458317.95089 14.230 0.069  K
2458319.88624 14.334 0.097  K
2458319.91405 14.340 0.182  K
2458321.82152 14.266 0.023  K
2458321.89623 14.225 0.020  K
2458327.82794 14.193 0.017  K
2458327.90803 14.252 0.019  K
2458328.77617 14.252 0.032  K
2458328.80914 14.280 0.028  K
2458328.85316 14.258 0.027  K
2458329.83538 14.238 0.019  K
2458329.83667 14.214 0.018  K
2458329.83798 14.204 0.018  K
2458330.77014 14.232 0.024  K
2458330.84917 14.240 0.018  K
2458331.77270 14.224 0.055  K
2458331.80776 14.348 0.046  K
2458331.85346 14.253 0.037  K
2458332.80272 14.219 0.054  K
2458333.77895 14.258 0.022  K
2458333.85784 14.295 0.049  K
2458335.82860 14.244 0.020  K
2458335.85589 14.248 0.020  K
2458336.75910 14.196 0.018  K
2458336.83718 14.263 0.018  K
