2457864.02330 15.192 0.051  K
2457864.06224 15.248 0.052  K
2457864.10798 15.203 0.041  K
2457865.01791 15.281 0.063  K
2457865.09964 15.238 0.083  K
2457878.01524 14.964 0.036  K
2457878.05983 15.245 0.124  K
2457878.10348 15.080 0.066  K
2457878.98478 14.970 0.036  K
2457879.02460 14.924 0.036  K
2457879.07569 14.920 0.031  K
2457879.99257 14.878 0.031  K
2457880.08274 14.922 0.033  K
2457880.98603 14.889 0.028  K
2457881.02867 14.885 0.031  K
2457881.07246 14.871 0.026  K
2457882.00416 14.885 0.037  K
2457882.00547 14.860 0.036  K
2457882.00678 14.857 0.035  K
2457882.97168 14.897 0.059  K
2457883.05713 14.870 0.048  K
2457883.98706 14.793 0.030  K
2457884.02741 14.848 0.040  K
2457884.07864 14.865 0.036  K
2457885.00346 14.874 0.039  K
2457885.04374 14.772 0.026  K
2457885.09317 14.769 0.031  K
2457885.99680 14.780 0.041  K
2457886.08681 14.864 0.063  K
2457887.00881 14.904 0.073  K
2457887.01012 14.831 0.065  K
2457887.01141 14.802 0.050  K
2457890.94756 14.572 0.028  K
2457890.98922 14.569 0.025  K
2457891.03273 14.530 0.022  K
2457891.94934 14.513 0.024  K
2457892.03763 14.504 0.020  K
2457892.95237 14.507 0.030  K
2457892.99095 14.480 0.027  K
2457893.04250 14.538 0.036  K
2457893.96881 14.402 0.026  K
2457893.97013 14.466 0.028  K
2457893.97144 14.403 0.027  K
2457894.93722 14.396 0.027  K
2457895.07313 14.370 0.022  K
2457897.94666 14.264 0.030  K
2457898.03602 14.206 0.020  K
2457898.98988 14.191 0.018  K
2457898.99118 14.170 0.019  K
2457898.99250 14.174 0.019  K
2457899.96723 14.140 0.019  K
2457900.00632 14.099 0.018  K
2457900.05617 14.134 0.022  K
2457900.94143 14.061 0.021  K
2457901.03208 14.026 0.020  K
2457901.95463 13.995 0.016  K
2457902.00190 13.983 0.018  K
2457902.05535 13.963 0.016  K
2457902.94220 13.915 0.017  K
2457903.92704 13.850 0.020  K
2457904.02444 13.816 0.014  K
2457904.94886 13.738 0.015  K
2457904.98747 13.734 0.017  K
2457905.03658 13.752 0.016  K
2457905.92563 13.660 0.014  K
2457905.96416 13.649 0.014  K
2457906.01837 13.643 0.013  K
2457907.93378 13.521 0.022  K
2457907.97223 13.460 0.015  K
2457908.02428 13.445 0.015  K
2457909.91074 13.228 0.013  K
2457909.99862 13.181 0.012  K
2457910.89443 13.063 0.013  K
2457910.93310 13.061 0.012  K
2457910.98815 13.054 0.012  K
2457911.97034 12.852 0.011  K
2457912.89764 12.739 0.011  K
2457912.97905 12.730 0.015  K
2457916.90887 12.185 0.010  K
2457916.95320 12.177 0.010  K
2457917.00292 12.196 0.010  K
2457917.90583 12.023 0.010  K
2457917.94987 12.043 0.011  K
2457917.99766 12.036 0.010  K
2457918.89313 12.541 0.011  K
2457918.97975 12.612 0.011  K
2457920.92636 13.475 0.015  K
2457920.92767 13.509 0.019  K
2457920.92898 13.485 0.021  K
2457924.87424 13.337 0.017  K
2457924.95781 13.291 0.015  K
2457925.89338 13.404 0.013  K
2457925.89468 13.394 0.014  K
2457925.89599 13.419 0.014  K
2457926.85718 13.573 0.015  K
2457926.89578 13.527 0.015  K
2457926.94539 13.577 0.014  K
2457927.89034 13.666 0.014  K
2457927.97640 13.655 0.014  K
2457928.86247 13.794 0.019  K
2457928.90508 13.764 0.018  K
2457928.95592 13.761 0.014  K
2457929.85394 13.844 0.017  K
2457929.89928 13.843 0.017  K
2457929.94928 13.846 0.015  K
2457930.86203 13.908 0.016  K
2457930.94849 13.954 0.018  K
2457931.90546 13.991 0.016  K
2457931.94793 14.020 0.018  K
2457932.85403 14.155 0.029  K
2457932.89881 14.091 0.026  K
2457932.94648 14.125 0.039  K
2457933.83598 14.192 0.030  K
2457933.92283 14.197 0.026  K
2457934.83408 14.195 0.021  K
2457934.87258 14.201 0.024  K
2457934.91618 14.194 0.019  K
2457935.86447 14.325 0.031  K
2457935.86578 14.304 0.029  K
2457935.86709 14.264 0.031  K
2457936.86756 14.350 0.032  K
2457936.95277 14.339 0.024  K
2457937.83062 14.349 0.021  K
2457937.86977 14.362 0.025  K
2457937.92216 14.373 0.020  K
2457939.83953 14.902 0.121  K
2457939.92527 14.518 0.108  K
2457944.86814 14.666 0.031  K
2457944.92131 14.704 0.043  K
2457945.85712 14.712 0.033  K
2457945.95391 14.699 0.033  K
2457947.87512 14.795 0.046  K
2457947.87641 14.828 0.048  K
2457947.87770 14.817 0.050  K
2457948.80593 15.217 0.132  K
2457948.89449 14.902 0.061  K
2457949.82434 14.874 0.050  K
2457949.86409 14.840 0.034  K
2457949.90885 14.909 0.044  K
2457950.80885 14.829 0.030  K
2457950.85333 14.827 0.032  K
2457950.89691 14.857 0.036  K
2457951.80417 14.862 0.034  K
2457951.89019 14.998 0.047  K
2457952.86067 14.862 0.032  K
2457952.86198 14.866 0.031  K
2457952.86338 14.899 0.036  K
2457953.85648 14.904 0.036  K
2457953.89957 14.964 0.035  K
2457953.94447 14.952 0.040  K
2457954.78383 14.973 0.042  K
2457954.86553 14.940 0.034  K
2457955.80023 14.951 0.040  K
2457955.83865 14.980 0.035  K
2457955.88208 15.028 0.052  K
2457957.78071 15.510 0.160  K
2457957.86513 15.445 0.165  K
2457958.77641 15.044 0.036  K
2457958.81518 15.047 0.039  K
2457958.86298 14.990 0.031  K
2457959.77667 15.144 0.071  K
2457959.81834 15.165 0.077  K
2457959.86269 15.125 0.067  K
2457960.78033 15.117 0.051  K
2457960.87303 15.165 0.054  K
2457961.77565 15.176 0.067  K
2457961.82076 15.188 0.062  K
2457961.86785 15.233 0.074  K
2457964.77461 15.176 0.048  K
2457964.81889 15.161 0.042  K
2457964.86271 15.196 0.047  K
2457965.76155 15.249 0.073  K
2457965.80091 15.271 0.095  K
2457965.85540 15.258 0.070  K
2457966.76813 15.157 0.063  K
2457966.85235 15.349 0.078  K
2457967.79040 15.322 0.082  K
2457967.79171 15.293 0.072  K
2457967.79301 15.399 0.088  K
2457970.77234 15.381 0.085  K
2457970.82001 15.428 0.097  K
2457970.87497 15.328 0.054  K
2457971.77049 15.390 0.085  K
2457971.80999 15.323 0.056  K
2457971.85968 15.285 0.055  K
2457972.76012 15.421 0.090  K
2457972.84319 15.409 0.067  K
2457974.85725 15.380 0.054  K
2457976.76539 15.306 0.039  K
2457976.81524 15.341 0.043  K
2457976.86279 15.412 0.051  K
2457977.75948 15.351 0.051  K
2457977.80537 15.333 0.045  K
2457977.84898 15.342 0.047  K
2457978.75579 15.351 0.045  K
2457978.84553 15.318 0.043  K
2457979.77934 15.385 0.054  K
2457979.78065 15.365 0.053  K
2457979.78196 15.405 0.058  K
2457980.75535 15.446 0.080  K
2457980.79406 15.363 0.064  K
2457980.84263 15.347 0.052  K
2457981.76019 15.577 0.124  K
2457981.84801 15.425 0.058  K
2457982.75852 15.645 0.142  K
2457982.79711 15.587 0.117  K
2457983.75234 15.453 0.084  K
2457983.79090 15.452 0.063  K
2457983.83441 15.472 0.072  K
2457985.79148 15.516 0.073  K
2457985.85359 15.574 0.080  K
2457988.77273 15.589 0.081  K
2457988.82520 15.547 0.103  K
2457989.77191 15.527 0.069  K
2457989.81639 15.782 0.154  K
2457990.77270 15.520 0.066  K
2457990.81710 15.636 0.095  K
2457991.77363 15.509 0.064  K
2457991.81773 15.694 0.136  K
2457992.77313 15.520 0.061  K
2457992.82493 15.461 0.054  K
2457993.81948 15.738 0.136  K
2458006.70985 15.579 0.077  K
2458006.71110 15.584 0.076  K
2458007.71261 15.814 0.171  K
2458007.71386 15.909 0.185  K
2458008.71757 15.745 0.120  K
2458008.71882 15.614 0.091  K
2458009.71676 16.680 0.556  K
2458010.71454 15.687 0.105  K
2458010.71631 15.683 0.112  K
2458011.71482 15.661 0.091  K
2458011.71608 15.732 0.110  K
2458013.70854 15.668 0.075  K
2458019.70477 15.709 0.086  K
2458019.70602 15.710 0.086  K
2458020.70760 16.034 0.168  K
2458020.70884 16.419 0.321  K
2458021.70385 15.702 0.107  K
2458021.70510 15.737 0.097  K
2458025.71700 15.742 0.098  K
2458025.71825 15.796 0.102  K
2458026.70529 15.804 0.117  K
2458026.70653 15.817 0.123  K
2458027.70554 15.628 0.083  K
2458027.70679 15.583 0.072  K
2458029.70474 15.742 0.085  K
2458029.70597 15.755 0.085  K
2458036.69166 15.784 0.137  K
2458036.69291 15.843 0.153  K
2458037.69467 15.776 0.101  K
2458037.69591 15.792 0.107  K
2458222.04594 15.946 0.141  K
2458222.11814 15.779 0.066  K
2458234.06955 16.009 0.155  K
2458236.09053 16.048 0.166  K
2458236.09183 16.126 0.206  K
2458236.09315 16.249 0.241  K
2458253.96073 15.828 0.106  K
2458253.98853 15.955 0.134  K
2458254.04633 15.789 0.084  K
2458254.97148 15.859 0.098  K
2458255.04479 15.958 0.139  K
2458255.96444 15.868 0.103  K
2458256.98592 15.991 0.147  K
2458257.01386 15.924 0.106  K
2458257.05893 15.794 0.091  K
2458257.97447 16.421 0.339  K
2458258.04573 16.046 0.174  K
2458258.98292 16.451 0.325  K
2458259.01064 16.072 0.148  K
2458259.05979 15.969 0.148  K
2458259.98014 15.865 0.106  K
2458260.00800 15.890 0.109  K
2458260.05276 16.110 0.180  K
2458260.95447 15.842 0.079  K
2458261.03014 15.725 0.063  K
2458261.95292 15.846 0.088  K
2458261.98139 16.001 0.115  K
2458262.03585 15.826 0.084  K
2458263.00316 15.895 0.102  K
2458263.00448 15.924 0.103  K
2458263.00578 15.779 0.086  K
2458263.93537 16.016 0.151  K
2458264.00819 15.935 0.127  K
2458264.96120 16.264 0.249  K
2458264.99641 16.033 0.134  K
2458265.03990 15.949 0.123  K
2458265.97117 15.900 0.103  K
2458265.99904 15.839 0.091  K
2458266.05013 15.790 0.100  K
2458266.92035 16.209 0.245  K
2458266.99246 15.991 0.143  K
2458271.93810 16.054 0.178  K
2458271.96688 16.071 0.201  K
2458272.02882 15.920 0.115  K
2458272.98308 16.247 0.248  K
2458273.01727 15.961 0.111  K
2458273.06166 16.013 0.153  K
2458273.93462 16.169 0.226  K
2458274.00585 16.132 0.238  K
2458274.93882 16.430 0.334  K
2458274.98681 16.206 0.240  K
2458275.94877 16.028 0.177  K
2458275.95007 16.067 0.186  K
2458275.95136 15.979 0.156  K
2458279.89025 15.916 0.106  K
2458279.96837 15.886 0.091  K
2458281.92674 16.032 0.156  K
2458281.97108 15.966 0.122  K
2458282.88868 15.897 0.094  K
2458282.96488 15.858 0.082  K
2458283.91501 16.113 0.171  K
2458283.96392 15.955 0.139  K
2458284.92748 15.905 0.107  K
2458284.97638 15.860 0.098  K
2458285.91430 15.915 0.118  K
2458285.98769 16.018 0.176  K
2458286.93517 15.948 0.120  K
2458286.98067 15.861 0.101  K
2458290.89766 15.753 0.065  K
2458290.89896 15.768 0.067  K
2458290.90026 15.804 0.069  K
2458291.88426 15.920 0.132  K
2458292.90253 15.953 0.130  K
2458292.95023 16.091 0.175  K
2458294.88384 15.922 0.105  K
2458294.96477 15.867 0.094  K
2458298.88586 15.848 0.086  K
2458298.93578 15.981 0.104  K
2458299.90082 15.971 0.136  K
2458299.95044 16.040 0.195  K
2458300.89696 15.889 0.101  K
2458300.97941 15.968 0.124  K
2458303.92595 15.727 0.083  K
2458304.90621 15.769 0.067  K
2458304.95708 15.784 0.071  K
2458305.84708 15.962 0.106  K
2458305.93400 15.772 0.079  K
2458307.87935 16.254 0.253  K
2458307.88067 16.046 0.197  K
2458307.88196 15.937 0.129  K
2458308.85058 15.939 0.117  K
2458308.87788 15.828 0.090  K
2458308.92540 15.936 0.137  K
2458309.82501 16.104 0.154  K
2458309.90615 15.849 0.081  K
2458310.84912 16.106 0.214  K
2458310.87758 15.822 0.103  K
2458310.92877 15.901 0.091  K
2458311.85267 16.123 0.203  K
2458311.88078 16.027 0.177  K
2458311.93037 16.428 0.305  K
2458312.83447 15.948 0.117  K
2458312.90386 16.292 0.266  K
2458315.85718 15.783 0.070  K
2458315.93009 15.840 0.086  K
2458316.89242 16.504 0.345  K
2458317.89793 16.344 0.327  K
2458317.89923 16.557 0.326  K
2458319.87824 16.123 0.321  K
2458319.90605 15.972 0.341  K
2458321.81360 15.919 0.118  K
2458321.88824 15.859 0.093  K
2458327.81998 15.868 0.089  K
2458327.89962 15.842 0.092  K
2458328.76792 16.408 0.300  K
2458328.79845 16.097 0.197  K
2458328.84512 16.090 0.186  K
2458329.81137 15.935 0.110  K
2458329.81269 15.921 0.092  K
2458329.81400 15.804 0.077  K
2458330.76218 15.896 0.125  K
2458330.84114 15.967 0.110  K
2458331.84543 16.403 0.348  K
2458333.75715 15.934 0.138  K
2458333.84981 16.081 0.210  K
2458335.82060 15.886 0.109  K
2458335.84793 15.923 0.114  K
2458335.89692 15.989 0.161  K
2458336.75110 15.945 0.104  K
2458336.82915 15.855 0.085  K
2458590.03505 15.805 0.068  K
2458590.06417 15.832 0.078  K
2458590.11202 15.814 0.069  K
2458591.04657 16.274 0.200  K
2458591.07411 16.100 0.161  K
2458591.12780 16.110 0.160  K
2458592.05076 16.545 0.369  K
2458593.04622 16.165 0.158  K
2458593.07411 16.134 0.160  K
2458593.11894 16.135 0.151  K
2458594.04560 16.005 0.107  K
2458594.07352 15.929 0.101  K
2458594.11767 15.908 0.101  K
2458595.04213 15.830 0.068  K
2458595.11396 15.872 0.084  K
2458599.02666 15.991 0.101  K
2458599.05486 15.982 0.102  K
2458599.10620 15.905 0.088  K
2458600.02713 15.920 0.101  K
2458600.05491 16.037 0.121  K
2458600.10648 15.893 0.088  K
2458601.02192 16.118 0.150  K
2458601.10590 15.903 0.092  K
2458605.01659 15.780 0.064  K
2458605.04683 15.739 0.061  K
2458605.09094 15.794 0.069  K
2458606.02003 16.032 0.115  K
2458606.05373 15.931 0.093  K
2458606.10206 15.818 0.081  K
2458607.00540 15.983 0.114  K
2458607.09459 15.902 0.090  K
2458611.01494 15.885 0.097  K
2458611.04324 15.906 0.099  K
2458611.09217 16.098 0.151  K
2458612.02691 15.753 0.065  K
2458612.05545 15.791 0.072  K
2458612.10734 15.875 0.084  K
2458613.02860 16.007 0.118  K
2458613.10326 15.928 0.094  K
2458613.99665 15.900 0.092  K
2458614.02501 15.867 0.098  K
2458614.07105 16.036 0.118  K
2458614.98068 15.999 0.106  K
2458615.00887 16.011 0.105  K
2458615.05694 15.982 0.132  K
2458615.98203 15.969 0.101  K
2458616.05797 15.936 0.096  K
2458616.97253 16.072 0.127  K
2458617.00032 16.170 0.194  K
2458617.04455 16.002 0.135  K
2458618.00319 16.460 0.309  K
2458618.95843 16.038 0.120  K
2458619.03498 15.914 0.097  K
2458619.97451 15.887 0.085  K
2458620.00231 15.865 0.081  K
2458620.05636 15.839 0.075  K
2458620.97831 15.903 0.106  K
2458621.00646 15.975 0.121  K
2458621.05689 15.860 0.089  K
2458621.97867 16.358 0.211  K
2458622.05598 16.565 0.372  K
2458623.00034 16.063 0.131  K
2458623.00164 16.231 0.163  K
2458623.00295 16.060 0.149  K
2458626.98960 15.950 0.094  K
2458627.01797 15.883 0.084  K
2458627.06700 16.056 0.130  K
2458627.96740 16.091 0.148  K
2458627.99588 16.223 0.173  K
2458628.04799 16.113 0.143  K
2458628.98544 15.986 0.111  K
2458629.06638 16.134 0.162  K
2458629.95837 16.399 0.247  K
2458629.98647 15.975 0.110  K
2458630.96251 15.849 0.076  K
2458630.96384 15.826 0.072  K
2458630.96517 15.792 0.072  K
2458631.95915 15.897 0.081  K
2458632.03975 15.915 0.106  K
2458632.92661 15.855 0.081  K
2458632.95677 15.862 0.081  K
2458633.00296 15.821 0.080  K
2458633.91876 16.113 0.128  K
2458633.94800 16.171 0.193  K
2458633.99617 16.120 0.164  K
2458634.93897 16.214 0.183  K
2458635.01952 16.355 0.249  K
2458635.94790 16.058 0.136  K
2458635.94922 16.048 0.143  K
2458635.95056 16.127 0.139  K
2458636.92442 16.013 0.101  K
2458636.95258 16.048 0.115  K
2458637.00322 15.851 0.082  K
2458637.91047 16.438 0.247  K
2458637.98637 15.919 0.115  K
2458639.93876 15.907 0.096  K
2458639.96758 15.857 0.088  K
2458640.03951 15.982 0.108  K
2458641.94605 16.101 0.137  K
2458641.97437 16.003 0.145  K
2458642.01944 15.825 0.091  K
2458642.90321 16.125 0.151  K
2458642.94168 16.308 0.190  K
2458642.98597 16.152 0.163  K
2458643.93299 15.948 0.091  K
2458644.00773 15.992 0.104  K
2458644.89337 16.105 0.133  K
2458644.92197 16.022 0.116  K
2458644.97049 15.954 0.108  K
2458645.91334 16.013 0.140  K
2458645.91467 16.188 0.178  K
2458645.91599 15.969 0.122  K
2458646.89674 15.867 0.081  K
2458646.97745 16.072 0.142  K
2458647.91906 15.862 0.078  K
2458647.94709 15.972 0.112  K
2458647.99826 16.046 0.111  K
2458648.90966 15.892 0.083  K
2458648.93765 15.978 0.097  K
2458648.98858 15.843 0.074  K
2458649.89756 16.279 0.196  K
2458649.97432 16.092 0.174  K
2458653.88778 16.253 0.168  K
2458653.91552 15.913 0.092  K
2458653.96652 16.104 0.149  K
2458654.88680 15.961 0.098  K
2458654.91462 15.852 0.085  K
2458654.96436 15.914 0.092  K
2458655.89469 16.158 0.143  K
2458656.88744 16.128 0.139  K
2458659.90973 16.290 0.251  K
2458660.87559 16.072 0.145  K
2458660.90885 16.004 0.100  K
2458660.95321 16.177 0.220  K
2458662.93649 16.001 0.116  K
2458662.93781 16.077 0.126  K
2458662.93914 15.974 0.113  K
2458664.82576 15.852 0.082  K
2458664.90178 15.942 0.098  K
2458664.94818 15.766 0.062  K
2458664.97600 15.846 0.077  K
2458665.83487 16.104 0.142  K
2458665.86302 15.980 0.137  K
2458665.91605 16.012 0.111  K
2458665.95532 15.865 0.080  K
2458666.82815 15.942 0.103  K
2458666.85625 15.947 0.107  K
2458666.90444 15.866 0.082  K
2458666.94750 15.851 0.076  K
2458666.97545 15.869 0.082  K
2458667.83402 15.868 0.088  K
2458667.90754 15.861 0.076  K
2458667.95071 15.877 0.078  K
2458667.97900 15.859 0.080  K
2458668.83789 16.131 0.151  K
2458668.86587 16.004 0.126  K
2458668.91551 16.184 0.166  K
2458669.87618 15.892 0.095  K
2458669.90481 15.876 0.083  K
2458669.95245 16.076 0.118  K
2458671.84778 16.027 0.117  K
2458671.87666 15.865 0.083  K
2458671.92525 15.836 0.075  K
2458672.87301 16.125 0.158  K
2458674.81440 16.581 0.359  K
2458674.84838 16.223 0.173  K
2458675.79290 16.531 0.344  K
2458675.82518 16.055 0.170  K
2458675.86936 15.899 0.137  K
2458676.79651 15.933 0.106  K
2458676.87844 15.911 0.085  K
2458677.85938 16.531 0.307  K
2458677.86070 16.582 0.351  K
2458677.86202 16.552 0.353  K
2458680.86523 15.988 0.105  K
2458680.89310 15.896 0.092  K
2458680.94166 15.985 0.109  K
2458708.78298 16.100 0.134  K
2458708.84541 16.241 0.183  K
2458709.83252 16.346 0.296  K
2458710.75325 16.443 0.234  K
2458710.78144 15.951 0.150  K
2458710.83812 16.301 0.219  K
2458711.81607 15.936 0.097  K
2458711.84908 15.951 0.105  K
2458713.84791 16.085 0.165  K
2458714.74454 16.415 0.286  K
2458714.78012 16.146 0.207  K
2458714.83413 16.194 0.200  K
2458715.77896 16.651 0.430  K
2458716.82171 16.230 0.198  K
2458716.84998 16.227 0.172  K
2458717.79274 16.228 0.220  K
2458717.82652 16.328 0.270  K
2458718.76383 16.030 0.110  K
2458718.79833 16.288 0.285  K
2458718.84281 16.293 0.205  K
2458719.76068 16.013 0.134  K
2458719.79474 16.404 0.257  K
2458719.83940 16.112 0.124  K
2458721.75805 16.013 0.105  K
2458721.78980 15.906 0.097  K
2458721.83709 16.315 0.250  K
2458722.81005 16.129 0.196  K
2458724.75492 16.612 0.353  K
2458724.79255 16.622 0.365  K
2458724.83819 15.902 0.110  K
2458733.76590 15.927 0.285  K
2458734.75974 16.194 0.187  K
2458736.72711 16.380 0.240  K
2458736.75900 16.305 0.201  K
2458736.80824 16.055 0.178  K
