2458590.10224 15.096 0.029  H
2458591.11330 15.175 0.053  H
2458592.11192 15.398 0.149  H
2458593.10899 15.170 0.054  H
2458594.10774 15.126 0.042  H
2458595.10401 15.123 0.038  H
2458599.09546 15.125 0.034  H
2458600.09655 15.139 0.049  H
2458601.09597 15.129 0.035  H
2458605.08103 15.086 0.029  H
2458606.09217 15.090 0.035  H
2458607.08454 15.107 0.035  H
2458611.08210 15.130 0.038  H
2458612.09708 15.064 0.031  H
2458614.06106 15.106 0.043  H
2458615.04703 15.101 0.039  H
2458616.04787 15.088 0.034  H
2458617.03458 15.058 0.042  H
2458619.02509 15.075 0.039  H
2458620.04649 15.073 0.031  H
2458621.04685 15.074 0.035  H
2458622.04608 15.134 0.054  H
2458627.05696 15.080 0.037  H
2458628.03791 15.106 0.047  H
2458629.05631 15.078 0.041  H
2458630.02482 15.110 0.056  H
2458632.02221 15.034 0.027  H
2458632.99279 15.083 0.031  H
2458635.00967 15.097 0.049  H
2458636.99333 15.077 0.034  H
2458637.97653 15.076 0.039  H
2458640.02969 15.074 0.052  H
2458642.00941 15.076 0.039  H
2458642.97612 15.046 0.036  H
2458643.99793 15.081 0.045  H
2458644.96072 15.024 0.040  H
2458646.96758 15.023 0.033  H
2458647.98837 15.029 0.037  H
2458648.97871 15.018 0.031  H
2458649.96453 15.047 0.041  H
2458654.95450 15.016 0.034  H
2458659.94871 15.216 0.087  H
2458660.94342 14.962 0.036  H
2458664.89206 14.925 0.025  H
2458665.01076 14.970 0.030  H
2458665.90620 14.948 0.029  H
2458666.89468 14.929 0.027  H
2458668.90576 14.960 0.045  H
2458669.94275 14.946 0.029  H
2458671.91554 14.897 0.026  H
2458674.88714 14.982 0.081  H
2458675.85963 14.935 0.040  H
2458676.86871 14.906 0.030  H
2458680.93187 14.875 0.031  H
2458709.82287 12.499 0.011  H
2458710.82142 14.368 0.023  H
2458714.82035 14.325 0.027  H
2458715.81689 14.297 0.046  H
2458718.83315 14.401 0.029  H
2458719.82975 14.378 0.022  H
2458721.82734 14.406 0.021  H
2458724.82725 14.472 0.027  H
2457487.13689 15.002 0.028  H
2457488.06728 14.996 0.036  H
2457488.11337 15.006 0.032  H
2457489.06985 15.012 0.030  H
2457489.12603 15.004 0.029  H
2457490.07558 15.032 0.032  H
2457490.12633 15.004 0.031  H
2457491.08406 15.052 0.043  H
2457491.13007 15.038 0.034  H
2457492.08164 14.989 0.062  H
2457492.12629 14.986 0.062  H
2457493.07139 15.007 0.050  H
2457493.11601 15.036 0.047  H
2457494.06146 15.022 0.031  H
2457494.10693 15.019 0.032  H
2457495.06496 15.015 0.034  H
2457495.11553 15.032 0.042  H
2457496.05421 14.949 0.073  H
2457496.11223 15.061 0.056  H
2457497.07105 15.033 0.059  H
2457497.11691 15.009 0.050  H
2457498.03553 15.023 0.033  H
2457498.08094 15.004 0.032  H
2457499.06681 15.012 0.043  H
2457499.11097 15.017 0.046  H
2457500.04763 15.009 0.029  H
2457500.09371 14.986 0.032  H
2457501.02947 15.066 0.036  H
2457501.07454 14.990 0.046  H
2457502.04105 14.985 0.059  H
2457502.08538 15.021 0.055  H
2457503.03549 15.050 0.045  H
2457503.08091 14.992 0.034  H
2457507.03593 15.003 0.036  H
2457507.08632 15.026 0.033  H
2457508.04833 14.993 0.032  H
2457508.09268 15.006 0.045  H
2457509.03875 15.045 0.038  H
2457509.09139 15.042 0.031  H
2457510.01088 15.021 0.043  H
2457510.11674 15.005 0.033  H
2457511.02137 15.047 0.051  H
2457511.07047 15.055 0.062  H
2457512.02488 14.988 0.036  H
2457512.07721 15.037 0.043  H
2457513.00656 15.051 0.036  H
2457513.05431 15.006 0.038  H
2457514.99960 15.001 0.033  H
2457515.04515 15.039 0.035  H
2457515.99535 14.999 0.043  H
2457516.04114 15.037 0.035  H
2457517.00775 15.018 0.037  H
2457517.05123 15.031 0.037  H
2457519.02180 15.057 0.072  H
2457519.07020 15.007 0.054  H
2457520.02676 14.960 0.050  H
2457520.07257 15.008 0.036  H
2457521.02730 15.028 0.036  H
2457521.07046 15.030 0.035  H
2457523.04430 14.998 0.032  H
2457523.11022 15.006 0.044  H
2457524.01845 15.028 0.033  H
2457524.08220 15.014 0.036  H
2457525.00243 15.017 0.046  H
2457525.99546 15.005 0.038  H
2457526.03975 15.009 0.037  H
2457526.99941 14.847 0.037  H
2457527.05073 15.029 0.036  H
2457527.97492 15.029 0.048  H
2457528.01998 14.999 0.040  H
2457528.97772 15.007 0.043  H
2457529.02576 15.040 0.040  H
2457529.96698 15.030 0.043  H
2457530.02402 15.052 0.048  H
2457531.00248 15.039 0.037  H
2457531.05005 15.090 0.036  H
2457531.98664 15.025 0.037  H
2457532.03428 15.030 0.037  H
2457535.03318 15.026 0.041  H
2457535.08569 15.019 0.046  H
2457536.00945 15.046 0.042  H
2457536.05783 15.020 0.035  H
2457537.97495 15.046 0.044  H
2457538.06807 14.995 0.046  H
2457538.99268 15.040 0.036  H
2457539.03661 14.997 0.032  H
2457539.94413 14.966 0.044  H
2457539.99176 15.026 0.039  H
2457540.96937 15.032 0.048  H
2457541.02163 15.029 0.053  H
2457541.94486 15.054 0.035  H
2457541.99175 15.006 0.036  H
2457542.04372 15.011 0.034  H
2457542.91914 15.047 0.049  H
2457542.96714 15.044 0.054  H
2457543.01868 15.019 0.043  H
2457543.95249 15.016 0.042  H
2457544.00213 15.018 0.041  H
2457544.04954 14.922 0.066  H
2457544.92048 15.037 0.034  H
2457544.96935 15.047 0.049  H
2457545.01395 15.025 0.049  H
2457545.93469 15.045 0.043  H
2457545.98368 15.027 0.039  H
2457546.02811 15.045 0.035  H
2457546.90574 15.008 0.040  H
2457546.95236 14.995 0.045  H
2457546.99692 15.044 0.035  H
2457547.94526 15.011 0.033  H
2457547.98926 15.009 0.032  H
2457548.03598 14.999 0.047  H
2457548.95151 15.030 0.032  H
2457548.99555 15.025 0.036  H
2457549.05439 15.018 0.032  H
2457549.99494 15.008 0.037  H
2457550.03985 14.979 0.036  H
2457550.93112 15.051 0.038  H
2457550.97631 15.023 0.040  H
2457551.02560 15.028 0.044  H
2457554.94113 15.053 0.042  H
2457554.98782 15.013 0.036  H
2457555.03162 15.042 0.044  H
2457555.90259 15.018 0.032  H
2457555.94601 15.008 0.031  H
2457555.99813 15.031 0.046  H
2457558.91465 15.023 0.029  H
2457558.96151 15.031 0.033  H
2457559.00532 15.058 0.041  H
2457561.91039 15.023 0.033  H
2457561.96029 15.023 0.036  H
2457562.00516 15.020 0.046  H
2457562.86304 15.035 0.055  H
2457562.91040 15.060 0.050  H
2457562.95719 15.067 0.052  H
2457563.89864 15.039 0.034  H
2457563.94225 15.050 0.036  H
2457564.89427 15.039 0.037  H
2457564.93910 14.991 0.029  H
2457564.98905 15.043 0.038  H
2457566.00588 15.027 0.034  H
2457567.95125 15.022 0.049  H
2457573.83863 15.006 0.032  H
2457573.88857 15.033 0.035  H
2457573.93596 15.032 0.041  H
2457574.84776 15.009 0.033  H
2457574.89673 15.013 0.066  H
2457574.94278 15.040 0.050  H
2457575.87977 15.001 0.028  H
2457575.93541 15.030 0.032  H
2457576.85088 15.019 0.046  H
2457576.89722 14.995 0.048  H
2457576.94579 15.051 0.044  H
2457577.82709 15.022 0.049  H
2457577.87358 15.047 0.039  H
2457577.92045 15.047 0.056  H
2457864.09818 15.297 0.034  H
2457865.08986 15.189 0.036  H
2457878.09369 15.262 0.040  H
2457879.06591 14.791 0.021  H
2457880.07292 15.396 0.038  H
2457881.06270 15.121 0.027  H
2457883.04737 15.112 0.042  H
2457884.06821 15.342 0.036  H
2457885.07930 15.128 0.035  H
2457886.07677 15.131 0.061  H
2457891.02298 15.173 0.034  H
2457892.02784 14.541 0.020  H
2457893.03275 15.156 0.047  H
2457895.06338 15.207 0.035  H
2457898.02629 15.151 0.041  H
2457900.04644 15.246 0.039  H
2457901.02191 15.179 0.038  H
2457902.04564 15.332 0.036  H
2457905.02678 15.246 0.036  H
2457908.01458 15.152 0.046  H
2457909.98889 15.279 0.040  H
2457910.97845 15.117 0.034  H
2457912.00587 15.067 0.043  H
2457912.96940 15.105 0.043  H
2457916.98701 15.227 0.033  H
2457917.98384 15.157 0.047  H
2457918.96997 15.002 0.041  H
2457924.94817 15.164 0.042  H
2457926.92961 15.128 0.034  H
2457927.96627 15.260 0.032  H
2457928.94519 15.176 0.032  H
2457929.93966 15.198 0.035  H
2457932.93624 15.210 0.066  H
2457933.91320 15.102 0.041  H
2457934.90656 15.140 0.033  H
2457936.94319 14.981 0.032  H
2457937.91243 15.319 0.036  H
2457939.91564 15.157 0.064  H
2457945.94433 15.372 0.044  H
2457948.88491 15.174 0.066  H
2457949.89926 15.267 0.039  H
2457950.88733 15.206 0.036  H
2457953.93492 15.254 0.034  H
2457954.85597 15.173 0.032  H
2457955.87250 15.134 0.066  H
2457958.85345 15.165 0.036  H
2457959.85317 15.173 0.053  H
2457960.86347 15.231 0.034  H
2457961.85831 15.201 0.044  H
2457971.85017 15.120 0.043  H
2457972.83370 15.139 0.054  H
2457976.85328 15.190 0.039  H
2457977.83937 15.226 0.032  H
2457978.83604 15.354 0.036  H
2457980.83312 15.111 0.036  H
2457981.83216 15.147 0.049  H
2457983.82492 15.111 0.041  H
2457988.79057 15.103 0.046  H
2457989.79027 15.124 0.044  H
2457990.79074 15.179 0.038  H
2457992.79801 15.367 0.038  H
2457993.83812 15.172 0.039  H
2457916.98701 14.966 0.034  H
2457958.85345 15.276 0.044  H
2457978.83604 15.196 0.032  H
2458222.10819 15.262 0.035  H
2458254.03653 15.154 0.039  H
2458255.03488 15.150 0.039  H
2458257.04914 15.163 0.042  H
2458259.04499 15.164 0.038  H
2458260.04277 15.216 0.061  H
2458261.02019 15.189 0.031  H
2458262.02600 15.143 0.041  H
2458263.99739 15.121 0.050  H
2458266.98279 15.123 0.039  H
2458272.01321 15.134 0.052  H
2458273.05183 15.181 0.044  H
2458273.99617 15.234 0.063  H
2458274.97692 15.164 0.061  H
2458281.94470 15.132 0.041  H
2458282.95506 15.163 0.040  H
2458283.93713 15.142 0.044  H
2458284.95057 15.168 0.040  H
2458286.95413 15.157 0.046  H
2458291.95029 15.112 0.075  H
2458292.92401 15.161 0.050  H
2458293.89050 15.352 0.116  H
2458294.95455 15.130 0.036  H
2458298.90890 15.145 0.035  H
2458299.92132 15.135 0.052  H
2458300.96982 15.181 0.041  H
2458303.98922 15.141 0.046  H
2458304.92893 15.147 0.030  H
2458305.92420 15.168 0.034  H
2458308.91582 15.158 0.045  H
2458309.89658 15.182 0.037  H
2458310.91919 15.169 0.030  H
2458311.92036 15.131 0.050  H
2458315.92046 15.161 0.034  H
2458316.93028 15.182 0.090  H
2458319.94530 15.138 0.051  H
2458328.83560 15.125 0.050  H
2458330.82905 15.136 0.043  H
2458331.83590 15.267 0.074  H
2458333.84005 15.142 0.044  H
2458335.88720 15.154 0.045  H
2458336.81967 15.157 0.034  H
2458613.09338 14.871 0.034  K
2458618.08180 14.831 0.051  K
2458623.08236 14.862 0.040  K
2458631.03784 14.787 0.030  K
2458636.02600 14.796 0.038  K
2458645.99500 14.774 0.042  K
2458663.01455 14.739 0.037  K
2458667.89803 14.686 0.028  K
2458677.93850 14.645 0.047  K
2457882.09306 14.858 0.029  K
2457887.10404 14.884 0.047  K
2457894.05454 14.799 0.030  K
2457921.01313 14.885 0.035  K
2457925.97694 14.819 0.029  K
2457930.93905 14.873 0.047  K
2457935.94854 14.876 0.037  K
2457947.95664 14.895 0.058  K
2457957.85576 14.907 0.042  K
2457967.87233 14.821 0.036  K
2457979.85892 14.889 0.033  K
2458258.03589 14.919 0.062  K
2458263.07486 14.804 0.048  K
2458276.02306 14.851 0.051  K
2458285.97808 14.902 0.044  K
2458290.97560 14.869 0.033  K
2458312.89446 14.859 0.059  K
2458329.89417 14.775 0.038  K
