2457864.09425 15.914 0.059  H
2457865.08591 15.974 0.084  H
2457878.08964 16.026 0.096  H
2457879.06195 15.868 0.050  H
2457880.06896 15.799 0.048  H
2457881.05874 15.843 0.050  H
2457883.04340 16.246 0.142  H
2457884.06423 15.837 0.052  H
2457885.07532 15.980 0.075  H
2457886.07257 16.046 0.121  H
2457891.01903 15.788 0.051  H
2457892.02388 15.792 0.054  H
2457893.02878 15.892 0.073  H
2457895.05940 15.848 0.063  H
2457898.02158 15.903 0.076  H
2457900.04246 15.784 0.056  H
2457901.01786 15.825 0.069  H
2457902.04141 15.768 0.054  H
2457905.02281 15.751 0.063  H
2457906.00458 15.634 0.044  H
2457908.01059 15.685 0.062  H
2457909.98490 15.691 0.065  H
2457910.97447 15.599 0.046  H
2457912.00188 15.624 0.057  H
2457912.96540 15.645 0.087  H
2457916.98301 15.437 0.042  H
2457917.97984 15.410 0.065  H
2457918.96575 15.399 0.048  H
2457924.94415 15.111 0.045  H
2457926.92560 14.942 0.029  H
2457928.94116 14.715 0.022  H
2457929.93566 14.653 0.021  H
2457932.92886 14.389 0.037  H
2457933.90918 14.208 0.019  H
2457934.90251 14.120 0.018  H
2457936.93917 13.812 0.014  H
2457937.90833 13.789 0.013  H
2457939.91162 14.065 0.029  H
2457945.94031 14.657 0.021  H
2457948.88079 15.054 0.057  H
2457949.89519 15.065 0.037  H
2457950.88328 15.103 0.032  H
2457951.87654 15.129 0.032  H
2457953.93089 15.239 0.034  H
2457954.85192 15.302 0.038  H
2457955.86843 15.426 0.076  H
2457958.84941 15.404 0.035  H
2457959.84914 15.631 0.073  H
2457960.85942 15.510 0.046  H
2457961.85425 15.675 0.078  H
2457964.84909 15.625 0.049  H
2457965.84183 16.015 0.163  H
2457966.83841 15.667 0.058  H
2457970.84990 15.760 0.065  H
2457971.84610 15.916 0.098  H
2457972.82962 15.905 0.113  H
2457976.84919 15.762 0.051  H
2457977.83532 15.809 0.055  H
2457978.83195 15.798 0.054  H
2457980.82907 15.854 0.069  H
2457981.82806 15.983 0.100  H
2457983.82083 16.000 0.095  H
2457988.79743 16.025 0.122  H
2457989.79713 16.063 0.121  H
2457990.79817 15.864 0.065  H
2457991.79862 16.095 0.131  H
2457993.84481 15.944 0.080  H
2457487.10428 15.827 0.052  H
2457487.14912 15.909 0.067  H
2457488.07983 15.850 0.053  H
2457488.12592 15.895 0.073  H
2457489.08309 15.854 0.057  H
2457489.13868 15.864 0.054  H
2457490.08862 15.862 0.055  H
2457490.13867 15.927 0.074  H
2457491.09782 15.890 0.061  H
2457491.14234 15.945 0.111  H
2457492.09386 15.956 0.145  H
2457492.13852 15.983 0.110  H
2457493.08367 16.044 0.151  H
2457493.12823 16.032 0.153  H
2457494.07449 15.890 0.068  H
2457494.11903 15.842 0.063  H
2457495.07707 15.916 0.067  H
2457495.12796 15.883 0.059  H
2457496.12454 16.161 0.191  H
2457497.08337 16.026 0.178  H
2457497.12930 15.909 0.103  H
2457498.04768 15.917 0.082  H
2457498.09303 15.849 0.059  H
2457499.07890 15.974 0.130  H
2457499.12312 15.962 0.115  H
2457500.05973 15.937 0.092  H
2457500.10577 15.892 0.089  H
2457501.04155 15.906 0.104  H
2457501.08666 15.966 0.100  H
2457502.05315 16.050 0.147  H
2457502.09774 15.955 0.102  H
2457503.04799 15.953 0.100  H
2457503.09301 15.888 0.062  H
2457507.04801 15.918 0.077  H
2457507.09903 15.896 0.064  H
2457508.06090 15.914 0.078  H
2457508.10545 15.953 0.101  H
2457509.05174 15.873 0.063  H
2457509.10353 15.870 0.057  H
2457510.02295 15.908 0.072  H
2457510.12889 15.855 0.076  H
2457511.03345 15.917 0.078  H
2457511.08260 15.941 0.114  H
2457512.04169 15.855 0.064  H
2457512.09020 15.933 0.094  H
2457513.01894 15.895 0.072  H
2457513.06693 15.862 0.057  H
2457515.01180 15.887 0.080  H
2457515.05725 15.894 0.063  H
2457516.00746 15.937 0.131  H
2457516.05323 15.913 0.068  H
2457517.01982 15.861 0.075  H
2457517.06334 15.959 0.128  H
2457519.03388 15.940 0.187  H
2457519.08232 15.993 0.154  H
2457520.03938 15.961 0.086  H
2457520.08476 15.907 0.072  H
2457521.03936 15.907 0.077  H
2457521.08256 15.876 0.064  H
2457523.05643 15.920 0.069  H
2457524.03091 15.945 0.075  H
2457524.09431 15.909 0.099  H
2457525.01455 16.156 0.174  H
2457526.00803 15.919 0.080  H
2457526.05207 15.931 0.084  H
2457527.01213 15.900 0.083  H
2457527.06285 15.880 0.062  H
2457527.98699 15.978 0.127  H
2457528.03230 15.915 0.090  H
2457528.98985 15.921 0.069  H
2457529.03788 15.834 0.064  H
2457529.97902 15.937 0.104  H
2457530.03610 15.947 0.091  H
2457531.01452 15.932 0.075  H
2457531.06218 15.903 0.065  H
2457531.99925 15.915 0.069  H
2457532.04640 15.869 0.062  H
2457535.04553 15.852 0.064  H
2457536.02152 15.900 0.075  H
2457536.07022 15.856 0.072  H
2457537.98699 15.980 0.099  H
2457538.08035 15.824 0.071  H
2457539.00495 15.876 0.056  H
2457539.04873 15.898 0.071  H
2457539.95620 15.911 0.088  H
2457540.00466 15.831 0.100  H
2457540.98142 15.965 0.123  H
2457541.03795 15.951 0.112  H
2457541.95727 15.855 0.060  H
2457542.00387 15.913 0.078  H
2457542.05598 15.892 0.068  H
2457542.93124 15.981 0.124  H
2457542.97931 15.983 0.154  H
2457543.03249 15.938 0.082  H
2457543.96495 15.994 0.112  H
2457544.01425 15.901 0.072  H
2457544.06171 15.930 0.124  H
2457544.93261 15.875 0.086  H
2457544.98216 15.898 0.067  H
2457545.02612 15.922 0.106  H
2457545.94683 15.945 0.098  H
2457545.99593 15.908 0.063  H
2457546.05259 15.796 0.063  H
2457546.91791 15.952 0.090  H
2457546.96465 15.908 0.090  H
2457547.00918 15.948 0.069  H
2457547.95737 15.885 0.058  H
2457548.00136 15.919 0.065  H
2457548.04809 15.912 0.071  H
2457548.96363 15.907 0.069  H
2457549.00833 15.933 0.078  H
2457549.95315 15.893 0.060  H
2457550.00782 15.888 0.061  H
2457550.05275 15.953 0.079  H
2457550.94322 15.927 0.066  H
2457550.98842 15.905 0.063  H
2457551.03792 15.847 0.073  H
2457554.95353 16.072 0.138  H
2457555.00059 15.919 0.081  H
2457555.04403 16.014 0.131  H
2457555.91464 15.875 0.064  H
2457555.95810 15.876 0.061  H
2457556.01025 16.036 0.143  H
2457558.92734 15.866 0.054  H
2457558.97388 15.892 0.070  H
2457559.02176 15.923 0.102  H
2457561.92246 15.939 0.090  H
2457561.97237 15.902 0.078  H
2457562.02117 15.926 0.084  H
2457562.87549 15.925 0.098  H
2457562.92382 15.922 0.077  H
2457562.96927 15.933 0.104  H
2457563.91066 15.891 0.065  H
2457563.95457 15.933 0.101  H
2457564.90742 15.908 0.068  H
2457564.95121 15.902 0.062  H
2457565.00137 15.877 0.061  H
2457567.96508 15.932 0.097  H
2457573.85059 15.857 0.065  H
2457573.90055 15.894 0.087  H
2457573.94790 15.877 0.079  H
2457574.86254 15.882 0.066  H
2457574.90963 15.948 0.098  H
2457574.95482 15.924 0.095  H
2457575.89173 15.879 0.056  H
2457575.94829 15.903 0.056  H
2457576.86303 15.909 0.077  H
2457576.90995 15.938 0.084  H
2457576.95877 15.929 0.104  H
2457577.83908 15.951 0.107  H
2457577.88558 15.961 0.102  H
2457577.93247 15.949 0.119  H
2458222.10418 15.952 0.062  H
2458234.13857 15.990 0.070  H
2458255.03044 16.059 0.102  H
2458257.04513 16.084 0.113  H
2458259.04096 15.970 0.080  H
2458260.03872 16.248 0.159  H
2458261.01609 15.928 0.060  H
2458262.01179 16.024 0.079  H
2458263.99342 16.123 0.130  H
2458265.02620 16.126 0.114  H
2458266.03640 15.975 0.078  H
2458266.97882 16.302 0.183  H
2458272.00910 16.067 0.106  H
2458273.04776 16.117 0.112  H
2458273.99217 16.422 0.221  H
2458274.97282 16.359 0.207  H
2458279.95421 16.007 0.072  H
2458281.95155 16.006 0.089  H
2458282.95095 16.093 0.092  H
2458283.94406 16.167 0.126  H
2458284.95732 16.045 0.102  H
2458286.96108 16.096 0.116  H
2458291.94565 16.150 0.134  H
2458292.93087 16.270 0.152  H
2458293.89784 16.667 0.310  H
2458294.95053 15.954 0.069  H
2458298.91575 15.988 0.067  H
2458299.92815 16.241 0.157  H
2458300.96577 15.983 0.087  H
2458303.98514 16.049 0.092  H
2458304.93641 15.907 0.061  H
2458305.92016 16.009 0.072  H
2458308.91179 16.303 0.170  H
2458309.89254 16.021 0.071  H
2458310.91515 15.936 0.059  H
2458311.91626 16.097 0.116  H
2458315.91640 15.994 0.075  H
2458319.93603 16.359 0.228  H
2458321.87444 16.046 0.083  H
2458327.88605 15.981 0.069  H
2458328.83155 16.709 0.309  H
2458330.82499 16.060 0.088  H
2458331.83185 16.298 0.177  H
2458333.83599 16.322 0.167  H
2458335.88312 16.151 0.112  H
2458336.81560 16.032 0.074  H
2458283.94406 17.206 0.368  H
2458595.09983 16.870 0.309  H
2458617.03053 16.440 0.222  H
2458640.02554 17.070 0.360  H
2458647.98428 16.964 0.366  H
2458590.09829 15.923 0.061  H
2458591.10934 16.105 0.127  H
2458592.10797 16.324 0.190  H
2458593.10496 16.115 0.118  H
2458594.10371 16.061 0.097  H
2458595.09983 16.250 0.175  H
2458599.09140 15.924 0.065  H
2458600.09255 15.994 0.082  H
2458601.09197 16.013 0.081  H
2458605.07703 15.882 0.065  H
2458606.08815 15.928 0.068  H
2458607.07517 16.034 0.084  H
2458611.07788 15.993 0.085  H
2458612.09279 15.904 0.060  H
2458614.05697 16.020 0.090  H
2458615.04301 16.015 0.086  H
2458616.04385 15.971 0.072  H
2458617.03053 16.129 0.155  H
2458619.02107 16.031 0.084  H
2458620.04247 15.887 0.061  H
2458621.04281 16.012 0.096  H
2458622.04205 16.089 0.124  H
2458627.05262 16.024 0.088  H
2458628.03377 16.182 0.170  H
2458629.05216 16.065 0.090  H
2458630.02075 16.250 0.177  H
2458632.01813 15.946 0.064  H
2458632.98872 15.966 0.066  H
2458633.98225 16.294 0.370  H
2458635.00558 16.252 0.153  H
2458636.98925 16.008 0.080  H
2458637.97248 16.059 0.104  H
2458640.02554 16.031 0.121  H
2458642.00527 16.080 0.101  H
2458642.97201 15.995 0.089  H
2458643.99386 16.030 0.088  H
2458644.95666 16.208 0.151  H
2458646.96348 15.946 0.074  H
2458647.98428 16.033 0.088  H
2458648.97459 16.041 0.091  H
2458649.96017 16.076 0.100  H
2458654.95027 15.941 0.066  H
2458659.94464 16.196 0.187  H
2458660.93934 15.940 0.071  H
2458664.88797 15.939 0.062  H
2458665.00665 15.994 0.070  H
2458666.89059 15.921 0.060  H
2458668.90167 16.092 0.115  H
2458669.93866 15.942 0.069  H
2458671.91146 15.922 0.063  H
2458675.85551 16.124 0.130  H
2458676.86455 15.967 0.071  H
2458680.92775 16.055 0.090  H
2458708.82375 16.020 0.103  H
2458709.81871 16.192 0.166  H
2458710.81722 16.210 0.187  H
2458714.81611 16.126 0.128  H
2458715.81272 16.479 0.239  H
2458717.85771 16.129 0.107  H
2458718.82897 16.231 0.161  H
2458719.82556 16.084 0.098  H
2458721.82316 16.055 0.115  H
2458724.82308 16.019 0.084  H
2458736.78992 16.108 0.113  H
