2457864.03854 15.412 0.035  H
2457865.03316 15.407 0.033  H
2457878.03066 15.249 0.048  H
2457879.00083 15.322 0.033  H
2457880.00834 15.348 0.030  H
2457881.00121 15.319 0.030  H
2457882.98688 15.269 0.045  H
2457884.00288 15.299 0.032  H
2457885.01887 15.303 0.034  H
2457886.01190 15.203 0.046  H
2457890.96281 15.171 0.028  H
2457892.96756 15.096 0.037  H
2457894.95303 15.085 0.027  H
2457897.96934 15.019 0.036  H
2457899.98240 15.085 0.027  H
2457900.96041 15.028 0.030  H
2457901.97841 15.066 0.024  H
2457904.96399 15.078 0.025  H
2457905.94074 15.034 0.026  H
2457907.94880 14.673 0.023  H
2457909.92584 14.898 0.035  H
2457910.90954 14.976 0.024  H
2457911.94682 15.009 0.026  H
2457912.91278 15.079 0.029  H
2457916.92393 15.264 0.028  H
2457917.92151 15.254 0.034  H
2457918.90848 15.258 0.032  H
2457924.88916 15.180 0.052  H
2457926.87221 15.351 0.034  H
2457927.90529 15.367 0.030  H
2457928.88140 15.362 0.036  H
2457929.86894 15.336 0.034  H
2457931.92046 15.380 0.030  H
2457932.86900 15.358 0.052  H
2457933.85100 15.264 0.058  H
2457934.84906 15.370 0.034  H
2457936.88243 15.330 0.039  H
2457937.84579 15.405 0.033  H
2457939.85446 15.251 0.062  H
2457944.88301 15.318 0.043  H
2457945.88413 15.399 0.034  H
2457949.83929 15.403 0.040  H
2457950.82637 15.397 0.035  H
2457951.81903 15.403 0.033  H
2457953.87195 15.359 0.041  H
2457954.79871 15.383 0.036  H
2457955.81504 15.383 0.045  H
2457958.79158 15.466 0.032  H
2457959.79154 15.338 0.057  H
2457960.80032 15.346 0.046  H
2457961.79323 15.344 0.050  H
2457964.78939 15.439 0.034  H
2457965.77640 15.318 0.051  H
2457966.78301 15.361 0.041  H
2457970.78704 15.381 0.051  H
2457971.78533 15.395 0.039  H
2457972.77706 15.414 0.034  H
2457974.83324 15.320 0.044  H
2457976.78348 15.391 0.037  H
2457977.77583 15.380 0.038  H
2457978.77082 15.439 0.033  H
2457980.77013 15.438 0.039  H
2457981.77509 15.395 0.045  H
2457982.77332 15.355 0.042  H
2457983.76713 15.380 0.046  H
2457985.81220 15.331 0.054  H
2457988.74944 15.317 0.051  H
2457989.74842 15.388 0.042  H
2457990.74938 15.419 0.035  H
2457991.75031 15.406 0.032  H
2457992.74983 15.416 0.039  H
2457993.79582 15.235 0.057  H
2457170.93814 15.223 0.038  H
2457179.90953 15.364 0.034  H
2457179.93825 14.951 0.052  H
2457179.97090 15.300 0.033  H
2457179.99606 15.393 0.032  H
2457180.02208 15.395 0.030  H
2457180.90817 15.376 0.030  H
2457180.93557 15.353 0.034  H
2457180.96581 15.273 0.040  H
2457180.99238 15.340 0.035  H
2457181.01788 15.257 0.040  H
2457182.91132 15.378 0.029  H
2457182.93695 15.417 0.034  H
2457182.96709 15.344 0.032  H
2457182.99255 15.390 0.029  H
2457183.01753 15.240 0.043  H
2457183.90861 15.313 0.043  H
2457183.94210 15.175 0.045  H
2457183.97306 15.316 0.042  H
2457184.03053 15.296 0.028  H
2457184.91339 14.989 0.048  H
2457184.94015 15.224 0.048  H
2457184.96961 15.180 0.050  H
2457185.00425 15.318 0.035  H
2457185.88953 15.451 0.036  H
2457185.91659 15.300 0.028  H
2457185.94120 15.351 0.030  H
2457185.96589 15.346 0.030  H
2457185.99011 15.371 0.031  H
2457186.89763 15.391 0.054  H
2457186.96918 15.324 0.035  H
2457189.87309 15.347 0.036  H
2457189.89994 15.337 0.029  H
2457189.92886 15.357 0.027  H
2457189.96885 15.357 0.031  H
2457191.90118 15.272 0.034  H
2457191.92915 15.377 0.028  H
2457191.95560 15.211 0.036  H
2457191.98159 15.313 0.028  H
2457192.01769 15.276 0.042  H
2457193.87594 15.403 0.032  H
2457193.90153 15.295 0.028  H
2457193.93373 15.350 0.027  H
2457193.95876 15.371 0.027  H
2457193.98382 15.342 0.030  H
2457194.88552 15.366 0.029  H
2457194.91243 15.337 0.029  H
2457194.94404 15.219 0.033  H
2457194.96895 15.315 0.033  H
2457194.99398 15.346 0.034  H
2457195.86160 15.343 0.029  H
2457195.88705 15.390 0.031  H
2457195.91884 15.389 0.031  H
2457195.94478 15.338 0.029  H
2457195.97679 15.320 0.029  H
2457196.86463 15.406 0.032  H
2457196.89051 15.440 0.032  H
2457196.91841 15.268 0.027  H
2457196.94377 15.330 0.025  H
2457196.97376 15.355 0.026  H
2457197.86853 15.370 0.034  H
2457197.89398 15.395 0.031  H
2457197.92510 15.343 0.028  H
2457197.94984 15.324 0.028  H
2457197.97424 15.359 0.028  H
2457199.84250 15.129 0.050  H
2457199.86761 15.385 0.069  H
2457199.89552 15.117 0.059  H
2457199.92059 15.167 0.044  H
2457199.94617 15.319 0.034  H
2457200.86300 15.469 0.035  H
2457200.89024 15.336 0.037  H
2457200.96920 15.255 0.047  H
2457200.99627 15.282 0.034  H
2457201.84152 15.377 0.031  H
2457201.87534 15.376 0.031  H
2457201.90014 15.391 0.027  H
2457201.92590 15.279 0.035  H
2457201.95223 15.245 0.029  H
2457202.89614 15.281 0.036  H
2457202.93292 15.364 0.039  H
2457203.86220 15.302 0.044  H
2457203.88900 15.368 0.051  H
2457203.94650 15.317 0.041  H
2457205.88965 15.325 0.032  H
2457205.91503 15.374 0.028  H
2457205.94758 15.395 0.029  H
2457205.97497 15.349 0.027  H
2457206.84293 15.380 0.043  H
2457206.87441 15.273 0.046  H
2457206.90324 15.268 0.043  H
2457206.96238 15.266 0.046  H
2457208.82677 15.255 0.040  H
2457208.85257 15.170 0.050  H
2457208.88107 15.343 0.042  H
2457208.90545 15.147 0.044  H
2457208.93049 15.339 0.039  H
2457209.81960 15.331 0.039  H
2457209.84535 15.366 0.034  H
2457209.89715 15.341 0.032  H
2457209.92198 15.231 0.042  H
2457210.82123 15.363 0.032  H
2457210.84921 15.435 0.031  H
2457210.87860 15.335 0.029  H
2457210.90409 15.351 0.027  H
2457210.92919 15.377 0.029  H
2457211.86261 15.346 0.039  H
2457211.89045 15.409 0.032  H
2457211.91579 15.381 0.029  H
2457211.94388 15.330 0.029  H
2457213.81500 15.406 0.036  H
2457213.84188 14.982 0.038  H
2457213.87430 15.348 0.032  H
2457213.90530 15.415 0.034  H
2457213.93196 15.329 0.028  H
2457214.82683 15.276 0.057  H
2457215.81624 15.374 0.024  H
2457215.84534 15.382 0.026  H
2457215.87000 15.309 0.028  H
2457215.89822 15.358 0.034  H
2457215.92378 15.145 0.032  H
2457216.81113 15.313 0.044  H
2457217.80953 15.355 0.047  H
2457217.83590 15.326 0.044  H
2457217.86159 15.295 0.045  H
2457217.88813 15.278 0.044  H
2457217.91343 15.337 0.031  H
2457218.82349 15.302 0.042  H
2457218.84911 15.306 0.045  H
2457218.87680 15.327 0.045  H
2457218.90238 15.267 0.049  H
2457218.92869 15.023 0.041  H
2458281.90283 15.292 0.055  H
2458283.89121 15.287 0.051  H
2458284.90421 15.368 0.040  H
2458286.90812 15.342 0.044  H
2458292.87870 15.270 0.050  H
2458293.84157 15.363 0.037  H
2458298.86234 15.356 0.036  H
2458299.87620 15.292 0.048  H
2458304.88285 15.392 0.032  H
2457882.03740 15.069 0.034  K
2457887.05035 14.888 0.049  K
2457894.00197 14.825 0.029  K
2457903.94815 14.764 0.027  K
2457920.95966 15.040 0.034  K
2457925.93119 15.104 0.032  K
2457930.87684 15.085 0.033  K
2457935.90237 15.080 0.041  K
2457947.90810 15.026 0.056  K
2457952.89385 15.170 0.040  K
2457957.79782 15.059 0.052  K
2457967.82408 15.187 0.032  K
2457979.81274 15.139 0.036  K
