2458590.05000 16.383 0.082  H
2458591.06150 16.650 0.145  H
2458592.06578 16.801 0.248  H
2458593.06144 16.694 0.190  H
2458594.06081 16.449 0.100  H
2458595.05734 16.321 0.084  H
2458599.04218 16.475 0.120  H
2458600.04237 16.447 0.110  H
2458601.03710 16.461 0.120  H
2458605.03370 16.202 0.082  H
2458606.03523 16.354 0.139  H
2458607.02062 16.482 0.147  H
2458611.03044 16.043 0.078  H
2458612.04252 15.723 0.045  H
2458614.01189 15.145 0.034  H
2458614.99605 13.858 0.014  H
2458615.99750 14.945 0.025  H
2458616.98777 14.976 0.034  H
2458618.97381 15.410 0.043  H
2458619.98980 15.638 0.047  H
2458620.99351 15.916 0.076  H
2458621.99447 16.041 0.115  H
2458627.00525 16.236 0.079  H
2458627.98304 16.637 0.209  H
2458629.00135 16.360 0.103  H
2458629.97369 16.444 0.117  H
2458631.97442 16.383 0.088  H
2458632.94201 16.406 0.095  H
2458633.93408 16.485 0.127  H
2458634.95431 16.755 0.226  H
2458636.93968 16.515 0.106  H
2458637.92581 16.798 0.262  H
2458639.95472 16.389 0.085  H
2458641.96162 16.510 0.128  H
2458642.91854 16.695 0.177  H
2458643.94908 16.509 0.116  H
2458644.90924 16.455 0.115  H
2458646.91214 16.460 0.093  H
2458647.93443 16.494 0.105  H
2458648.92503 16.483 0.097  H
2458649.91291 16.613 0.139  H
2458653.90301 16.571 0.127  H
2458654.90208 16.512 0.102  H
2458655.90996 16.911 0.278  H
2458657.00482 16.553 0.129  H
2458659.89723 16.778 0.260  H
2458660.89084 16.471 0.101  H
2458664.84107 16.353 0.076  H
2458664.96347 16.302 0.076  H
2458665.85016 16.650 0.167  H
2458666.84376 16.472 0.106  H
2458666.96279 16.385 0.109  H
2458667.96610 16.417 0.091  H
2458668.85337 16.805 0.202  H
2458669.89191 16.569 0.124  H
2458671.86418 16.487 0.109  H
2458674.83586 16.558 0.123  H
2458675.80823 16.955 0.308  H
2458676.81759 16.371 0.080  H
2458680.88063 16.477 0.118  H
2458708.76932 16.604 0.150  H
2458709.77250 16.900 0.379  H
2458710.76860 16.654 0.176  H
2458711.83143 16.414 0.105  H
2458713.86398 16.691 0.188  H
2458714.75988 16.678 0.229  H
2458715.75976 16.896 0.308  H
2458716.83707 16.797 0.226  H
2458717.80828 16.778 0.232  H
2458718.77930 16.540 0.118  H
2458719.77604 16.629 0.188  H
2458721.77725 16.506 0.126  H
2458734.77515 16.634 0.170  H
2458736.74251 16.555 0.131  H
2457487.10296 16.187 0.072  H
2457487.14781 16.180 0.075  H
2457488.07851 16.144 0.063  H
2457488.12459 16.165 0.088  H
2457489.08177 16.256 0.076  H
2457489.13725 16.186 0.072  H
2457490.08731 16.224 0.076  H
2457490.13735 16.169 0.085  H
2457491.09651 16.167 0.068  H
2457491.14103 16.270 0.135  H
2457492.09254 16.285 0.154  H
2457492.13720 16.120 0.162  H
2457493.08236 16.236 0.121  H
2457493.12690 16.232 0.129  H
2457494.07317 16.155 0.071  H
2457494.11772 16.155 0.073  H
2457495.07574 16.204 0.078  H
2457495.12664 16.168 0.070  H
2457496.12324 16.207 0.162  H
2457497.08207 16.397 0.225  H
2457497.12799 16.229 0.112  H
2457498.04637 16.217 0.096  H
2457498.09171 16.143 0.066  H
2457499.07759 16.214 0.155  H
2457499.12179 16.240 0.153  H
2457500.05842 16.178 0.078  H
2457500.10446 16.199 0.083  H
2457501.08535 16.209 0.106  H
2457502.05184 16.222 0.168  H
2457502.09631 16.208 0.129  H
2457503.04667 16.305 0.146  H
2457503.09170 16.113 0.072  H
2457507.04670 16.181 0.077  H
2457507.09772 16.244 0.085  H
2457508.05935 16.134 0.079  H
2457508.10414 16.187 0.099  H
2457509.05041 16.185 0.083  H
2457509.10222 16.227 0.073  H
2457510.02164 16.262 0.108  H
2457510.12757 16.206 0.088  H
2457511.03214 16.198 0.100  H
2457511.08129 16.362 0.182  H
2457512.04038 16.236 0.081  H
2457512.08887 16.229 0.101  H
2457513.01763 16.205 0.091  H
2457513.06561 16.182 0.082  H
2457515.01048 16.215 0.091  H
2457515.05593 16.204 0.076  H
2457516.00615 16.238 0.130  H
2457516.05191 16.237 0.086  H
2457517.01850 16.153 0.086  H
2457517.06204 16.293 0.158  H
2457519.03255 16.339 0.280  H
2457519.08101 16.433 0.245  H
2457520.03807 16.261 0.143  H
2457520.08343 16.250 0.093  H
2457521.03805 16.283 0.117  H
2457521.08125 16.185 0.076  H
2457523.05510 16.241 0.087  H
2457523.13115 16.409 0.169  H
2457524.02959 16.200 0.088  H
2457524.09300 16.254 0.117  H
2457525.01322 16.335 0.202  H
2457526.00670 16.249 0.098  H
2457526.05075 16.173 0.089  H
2457527.06153 16.168 0.074  H
2457527.98567 16.271 0.127  H
2457528.03098 16.207 0.123  H
2457528.98855 16.219 0.089  H
2457529.03656 16.261 0.097  H
2457529.97769 16.220 0.108  H
2457530.03478 16.210 0.102  H
2457531.01321 16.218 0.092  H
2457531.06086 16.192 0.075  H
2457531.99793 16.247 0.093  H
2457532.04509 16.214 0.081  H
2457535.04421 16.149 0.080  H
2457536.02020 16.232 0.096  H
2457536.06866 16.325 0.129  H
2457537.98567 16.192 0.107  H
2457538.07903 16.137 0.082  H
2457539.00363 16.197 0.077  H
2457539.04741 16.179 0.081  H
2457539.95488 16.304 0.150  H
2457540.00334 16.160 0.094  H
2457540.98009 16.205 0.101  H
2457541.03322 16.360 0.170  H
2457541.95594 16.191 0.078  H
2457542.00253 16.207 0.087  H
2457542.05452 16.188 0.082  H
2457542.92991 16.243 0.132  H
2457542.97799 16.346 0.215  H
2457543.03114 16.288 0.119  H
2457543.96362 16.274 0.140  H
2457544.01292 16.346 0.119  H
2457544.06032 16.285 0.164  H
2457544.93127 16.266 0.126  H
2457544.98083 16.233 0.087  H
2457545.02479 16.269 0.139  H
2457545.94542 16.204 0.119  H
2457545.99453 16.205 0.075  H
2457546.05126 16.224 0.079  H
2457546.91658 16.214 0.098  H
2457546.96333 16.316 0.133  H
2457547.00784 16.174 0.076  H
2457547.95604 16.178 0.075  H
2457548.00004 16.139 0.068  H
2457548.04676 16.195 0.085  H
2457548.96230 16.212 0.080  H
2457549.00699 16.237 0.107  H
2457549.95184 16.165 0.071  H
2457550.00649 16.165 0.069  H
2457550.05142 16.263 0.099  H
2457550.94188 16.277 0.097  H
2457550.98710 16.190 0.077  H
2457551.03660 16.344 0.107  H
2457554.95188 16.308 0.138  H
2457554.99926 16.208 0.102  H
2457555.04270 16.337 0.160  H
2457555.91332 16.223 0.082  H
2457555.95677 16.065 0.077  H
2457556.00892 16.193 0.122  H
2457558.92600 16.195 0.070  H
2457558.97255 16.177 0.079  H
2457559.02042 16.285 0.130  H
2457561.92112 16.233 0.123  H
2457561.97103 16.208 0.098  H
2457562.87416 16.261 0.125  H
2457562.92249 16.296 0.115  H
2457562.96794 16.270 0.120  H
2457563.90934 16.206 0.080  H
2457563.95299 16.204 0.088  H
2457564.90609 16.200 0.082  H
2457564.94988 16.170 0.073  H
2457565.00003 16.258 0.089  H
2457567.96271 16.232 0.133  H
2457573.84926 16.165 0.074  H
2457573.89922 16.208 0.100  H
2457573.94658 16.220 0.082  H
2457574.90829 16.243 0.138  H
2457574.95348 16.250 0.105  H
2457575.89039 16.138 0.064  H
2457575.94696 16.161 0.066  H
2457576.86170 16.244 0.093  H
2457576.90862 16.189 0.102  H
2457576.95743 16.293 0.107  H
2457577.83774 16.269 0.122  H
2457577.88426 16.283 0.132  H
2457577.93113 16.322 0.159  H
2457864.04989 16.400 0.085  H
2457865.04365 16.484 0.101  H
2457878.04727 16.699 0.200  H
2457879.01230 16.444 0.096  H
2457880.01889 16.301 0.068  H
2457881.01214 16.328 0.086  H
2457882.99757 16.769 0.225  H
2457884.01392 16.506 0.114  H
2457885.03044 16.336 0.083  H
2457886.02342 16.779 0.195  H
2457890.97475 16.673 0.213  H
2457891.97523 16.378 0.089  H
2457892.97859 16.649 0.199  H
2457894.96367 16.299 0.080  H
2457897.97994 16.516 0.134  H
2457899.99350 16.522 0.125  H
2457900.97142 16.555 0.130  H
2457901.98954 16.328 0.079  H
2457904.97510 16.435 0.087  H
2457905.95183 16.247 0.070  H
2457907.95990 16.501 0.145  H
2457909.93656 16.544 0.141  H
2457910.92076 16.480 0.098  H
2457911.95801 16.426 0.093  H
2457912.92348 16.530 0.112  H
2457916.94007 16.356 0.077  H
2457917.93267 16.498 0.109  H
2457918.91920 16.451 0.099  H
2457924.89991 16.596 0.157  H
2457926.88343 16.496 0.104  H
2457927.91609 16.268 0.065  H
2457927.91817 16.225 0.057  H
2457928.89279 16.483 0.109  H
2457929.88017 16.355 0.084  H
2457931.93185 16.283 0.073  H
2457932.88654 16.620 0.198  H
2457933.86183 16.563 0.169  H
2457934.86032 16.411 0.083  H
2457936.89325 16.490 0.120  H
2457937.85726 16.410 0.098  H
2457944.90899 16.532 0.123  H
2457945.89509 16.314 0.078  H
2457948.83179 16.713 0.226  H
2457949.85082 16.502 0.128  H
2457950.83829 16.321 0.078  H
2457951.83172 16.312 0.080  H
2457953.88335 16.212 0.068  H
2457954.80966 16.392 0.087  H
2457955.82637 16.274 0.082  H
2457958.80293 16.383 0.082  H
2457959.80323 16.480 0.144  H
2457960.81394 16.513 0.134  H
2457961.80531 16.600 0.160  H
2457964.80293 16.409 0.086  H
2457965.78780 16.466 0.208  H
2457966.79581 16.584 0.162  H
2457970.80478 16.433 0.102  H
2457971.79679 16.487 0.101  H
2457972.78804 16.348 0.082  H
2457976.79543 16.302 0.073  H
2457977.78805 16.500 0.111  H
2457978.78187 16.510 0.101  H
2457980.78174 16.415 0.104  H
2457981.78623 16.632 0.174  H
2457982.78486 16.630 0.218  H
2457983.77865 16.555 0.133  H
2457985.83170 16.267 0.098  H
2457988.78242 16.533 0.156  H
2457989.78162 16.615 0.169  H
2457990.78259 16.488 0.120  H
2457991.78333 16.420 0.093  H
2457992.78283 16.387 0.088  H
2457993.82996 16.425 0.113  H
2458222.06109 16.470 0.115  H
2458234.08454 16.421 0.116  H
2458253.97597 16.343 0.105  H
2458254.98750 16.428 0.105  H
2458257.00115 16.492 0.126  H
2458258.99808 16.557 0.142  H
2458259.99531 16.461 0.109  H
2458260.96983 16.343 0.082  H
2458261.96820 16.482 0.166  H
2458263.95120 16.444 0.098  H
2458264.97621 16.420 0.129  H
2458265.98618 16.456 0.115  H
2458266.93711 16.563 0.139  H
2458271.95330 16.598 0.196  H
2458272.99840 16.551 0.174  H
2458279.90528 16.399 0.090  H
2458281.93651 16.495 0.112  H
2458282.90434 16.450 0.124  H
2458283.92478 16.537 0.179  H
2458284.93757 16.489 0.105  H
2458286.94509 16.443 0.112  H
2458291.89928 16.529 0.149  H
2458292.91233 16.462 0.113  H
2458294.89957 16.557 0.112  H
2458298.90071 16.342 0.077  H
2458299.91309 16.613 0.160  H
2458300.91272 16.369 0.080  H
2458303.94122 16.419 0.104  H
2458304.92086 16.288 0.068  H
2458305.86250 16.544 0.140  H
2458308.86562 16.419 0.102  H
2458309.84385 16.584 0.180  H
2458310.86452 16.307 0.072  H
2458311.86805 16.567 0.151  H
2458315.87229 16.463 0.108  H
2458316.87847 16.746 0.297  H
2458319.89330 16.307 0.089  H
2458321.82854 16.525 0.138  H
2458327.83828 16.288 0.073  H
2458328.78614 16.749 0.225  H
2458330.77715 16.585 0.158  H
2458333.78603 16.631 0.180  H
2458335.83567 16.611 0.154  H
2458336.76618 16.440 0.091  H
2458605.03541 16.154 0.096  H
