2458590.10361 15.241 0.039  H
2458591.11467 15.375 0.086  H
2458592.11330 15.287 0.080  H
2458593.11039 15.262 0.056  H
2458594.10914 15.275 0.047  H
2458595.10540 15.258 0.048  H
2458599.09687 15.129 0.039  H
2458600.09794 15.168 0.047  H
2458601.09736 15.196 0.048  H
2458605.08241 15.158 0.036  H
2458606.09356 15.089 0.037  H
2458607.08592 15.084 0.040  H
2458611.08352 15.010 0.041  H
2458612.09849 14.983 0.032  H
2458614.06252 14.942 0.036  H
2458615.04843 14.955 0.038  H
2458616.04946 14.999 0.034  H
2458617.03597 14.999 0.038  H
2458619.02648 15.032 0.037  H
2458620.04788 15.054 0.036  H
2458621.04824 15.044 0.039  H
2458622.04748 15.139 0.062  H
2458627.05839 15.098 0.043  H
2458628.03934 15.151 0.064  H
2458629.05772 15.167 0.046  H
2458630.02621 15.292 0.081  H
2458632.03130 15.209 0.039  H
2458632.99442 15.198 0.040  H
2458633.98770 15.277 0.070  H
2458635.01104 15.235 0.064  H
2458636.99472 15.228 0.043  H
2458637.97792 15.266 0.059  H
2458640.03107 15.274 0.051  H
2458642.01083 15.303 0.053  H
2458642.97750 15.250 0.054  H
2458643.99932 15.272 0.051  H
2458644.96210 15.260 0.060  H
2458646.96897 15.292 0.046  H
2458647.98977 15.258 0.046  H
2458648.98010 15.247 0.044  H
2458649.96591 15.314 0.068  H
2458653.95813 15.401 0.081  H
2458654.95596 15.297 0.048  H
2458660.94479 15.260 0.056  H
2458664.89344 15.286 0.038  H
2458665.01214 15.280 0.045  H
2458665.90757 15.299 0.050  H
2458666.89605 15.302 0.043  H
2458668.90713 15.331 0.072  H
2458669.94411 15.272 0.047  H
2458671.91691 15.304 0.042  H
2458674.88851 15.862 0.186  H
2458675.86100 15.424 0.072  H
2458676.87009 15.320 0.043  H
2458680.93323 15.394 0.052  H
2458708.83714 15.400 0.060  H
2458709.82423 15.377 0.079  H
2458710.82276 15.352 0.068  H
2458714.82175 15.410 0.069  H
2458718.83452 15.406 0.079  H
2458719.83110 15.331 0.049  H
2458721.82868 15.348 0.049  H
2458724.82861 15.360 0.059  H
2458736.79969 15.370 0.072  H
2457487.10560 15.463 0.045  H
2457487.15045 15.451 0.052  H
2457488.08120 15.432 0.043  H
2457488.12729 15.508 0.063  H
2457489.08446 15.460 0.047  H
2457489.14007 15.465 0.047  H
2457490.09006 15.475 0.049  H
2457490.14003 15.509 0.056  H
2457491.09914 15.463 0.048  H
2457491.14366 15.538 0.091  H
2457492.09519 15.598 0.105  H
2457492.13984 15.586 0.095  H
2457493.08499 15.638 0.116  H
2457493.12955 16.358 0.301  H
2457494.07581 15.424 0.051  H
2457494.12036 15.446 0.050  H
2457495.07839 15.466 0.050  H
2457495.12928 15.424 0.046  H
2457496.06767 15.781 0.172  H
2457496.12587 16.173 0.230  H
2457497.08469 15.674 0.114  H
2457497.13062 15.558 0.078  H
2457498.04901 15.556 0.072  H
2457498.09436 15.455 0.051  H
2457499.08022 16.065 0.193  H
2457499.12444 15.593 0.094  H
2457500.06106 15.501 0.062  H
2457500.10710 15.443 0.058  H
2457501.04287 15.521 0.079  H
2457501.08799 15.533 0.082  H
2457502.05448 15.606 0.104  H
2457502.09907 15.517 0.084  H
2457503.04932 15.508 0.069  H
2457503.09435 15.459 0.063  H
2457507.04932 15.483 0.057  H
2457507.10035 15.550 0.058  H
2457508.06223 15.511 0.071  H
2457508.10678 15.644 0.104  H
2457509.05307 15.453 0.056  H
2457509.10486 15.461 0.051  H
2457510.02427 15.494 0.062  H
2457510.13028 15.464 0.056  H
2457511.03479 15.526 0.077  H
2457511.08393 15.525 0.079  H
2457512.09153 15.602 0.079  H
2457513.02026 15.526 0.065  H
2457513.06827 15.466 0.050  H
2457515.01314 15.513 0.058  H
2457515.05858 15.527 0.056  H
2457516.00878 15.681 0.118  H
2457516.05457 15.450 0.054  H
2457517.02113 15.482 0.055  H
2457517.06468 15.685 0.139  H
2457519.03520 15.938 0.204  H
2457519.08372 16.002 0.186  H
2457520.04069 15.589 0.090  H
2457520.08608 15.478 0.063  H
2457521.04071 15.548 0.071  H
2457521.08392 15.502 0.056  H
2457523.05777 15.498 0.060  H
2457524.03224 15.547 0.069  H
2457524.09565 15.529 0.073  H
2457525.01588 15.621 0.114  H
2457526.00935 15.479 0.058  H
2457526.05371 15.516 0.069  H
2457527.01346 15.453 0.070  H
2457527.06418 15.481 0.053  H
2457527.98833 15.527 0.078  H
2457528.03362 15.521 0.076  H
2457528.99119 15.449 0.053  H
2457529.03966 15.533 0.064  H
2457529.98034 15.481 0.071  H
2457530.03800 15.522 0.088  H
2457531.01585 15.489 0.062  H
2457531.06352 15.541 0.064  H
2457532.00059 15.477 0.061  H
2457532.04774 15.493 0.056  H
2457535.04685 15.488 0.058  H
2457536.02285 15.520 0.070  H
2457536.07156 15.482 0.055  H
2457537.98833 15.556 0.101  H
2457538.08186 15.427 0.058  H
2457539.00628 15.499 0.054  H
2457539.05005 15.498 0.057  H
2457539.95752 15.498 0.062  H
2457540.00601 15.638 0.154  H
2457540.98275 15.551 0.081  H
2457541.03928 15.682 0.106  H
2457541.95861 15.431 0.057  H
2457542.00519 15.523 0.059  H
2457542.05733 15.491 0.054  H
2457542.93256 15.623 0.102  H
2457543.03384 15.563 0.072  H
2457543.96628 15.597 0.095  H
2457544.01559 15.585 0.081  H
2457544.06305 15.570 0.096  H
2457544.93394 15.522 0.078  H
2457544.98349 15.484 0.054  H
2457545.02772 15.740 0.169  H
2457545.94815 15.516 0.074  H
2457545.99725 15.501 0.053  H
2457546.05429 15.447 0.051  H
2457546.91925 15.500 0.069  H
2457546.96600 15.529 0.079  H
2457547.01051 15.529 0.060  H
2457547.95870 15.495 0.056  H
2457548.00270 15.454 0.051  H
2457548.05021 15.520 0.059  H
2457548.96497 15.471 0.051  H
2457549.00967 15.517 0.058  H
2457549.95752 15.477 0.052  H
2457550.00934 15.500 0.055  H
2457550.05408 15.501 0.063  H
2457550.94453 15.505 0.056  H
2457550.98975 15.525 0.058  H
2457551.03943 15.560 0.066  H
2457554.95486 15.630 0.113  H
2457555.00193 15.573 0.080  H
2457555.04535 15.528 0.075  H
2457555.91597 15.459 0.055  H
2457555.95944 15.495 0.049  H
2457556.01160 15.348 0.077  H
2457558.92875 15.488 0.051  H
2457558.97522 15.566 0.068  H
2457559.02310 15.509 0.088  H
2457561.92380 15.543 0.069  H
2457561.97370 15.526 0.060  H
2457562.02250 15.523 0.065  H
2457562.87682 15.542 0.075  H
2457562.92516 15.550 0.063  H
2457562.97099 15.594 0.077  H
2457563.91199 15.538 0.062  H
2457563.95588 15.542 0.071  H
2457564.90875 15.481 0.052  H
2457564.95254 15.475 0.052  H
2457565.00271 15.487 0.055  H
2457567.96641 15.509 0.083  H
2457573.85192 15.488 0.053  H
2457573.90254 15.550 0.058  H
2457573.94923 15.531 0.059  H
2457574.86388 15.476 0.051  H
2457574.91096 15.602 0.096  H
2457574.95633 15.559 0.068  H
2457575.89305 15.445 0.048  H
2457575.94961 15.485 0.048  H
2457576.86435 15.488 0.060  H
2457576.91129 15.544 0.078  H
2457576.96010 15.578 0.083  H
2457577.84041 15.594 0.087  H
2457577.88690 15.578 0.082  H
2457577.93380 15.634 0.102  H
2457864.09955 15.306 0.039  H
2457865.09123 15.334 0.057  H
2457878.09507 15.375 0.061  H
2457879.06727 15.327 0.040  H
2457880.07430 15.356 0.042  H
2457881.06406 15.305 0.038  H
2457883.04875 15.350 0.067  H
2457884.06957 15.354 0.043  H
2457885.08068 15.363 0.047  H
2457886.07813 15.397 0.078  H
2457891.02436 15.321 0.043  H
2457892.02922 15.310 0.039  H
2457893.03412 15.349 0.069  H
2457895.06476 15.333 0.046  H
2457898.02766 15.331 0.055  H
2457900.04780 15.341 0.041  H
2457901.02362 15.334 0.051  H
2457902.04701 15.354 0.044  H
2457905.02816 15.310 0.044  H
2457906.01003 15.307 0.039  H
2457908.01596 15.400 0.064  H
2457909.99026 15.402 0.056  H
2457910.97982 15.321 0.042  H
2457912.00724 15.338 0.062  H
2457912.97076 15.330 0.062  H
2457916.98838 15.349 0.040  H
2457917.98934 15.332 0.055  H
2457918.97134 15.324 0.051  H
2457924.94953 15.342 0.055  H
2457926.93715 15.333 0.039  H
2457927.96763 15.338 0.040  H
2457928.94654 15.306 0.041  H
2457929.94101 15.348 0.044  H
2457932.93759 15.373 0.080  H
2457933.91456 15.351 0.055  H
2457934.90789 15.295 0.044  H
2457936.94453 15.367 0.046  H
2457937.91379 15.328 0.042  H
2457945.94568 15.344 0.043  H
2457948.88626 15.453 0.107  H
2457949.90060 15.313 0.047  H
2457950.88868 15.331 0.043  H
2457951.88193 15.284 0.041  H
2457953.93625 15.322 0.043  H
2457954.85731 15.299 0.041  H
2457955.87385 15.389 0.078  H
2457958.85481 15.338 0.038  H
2457959.85451 15.351 0.070  H
2457960.86482 15.341 0.041  H
2457961.85965 15.352 0.060  H
2457964.85450 15.374 0.050  H
2457965.84721 15.406 0.093  H
2457966.84415 15.335 0.058  H
2457970.85549 15.377 0.058  H
2457971.85151 15.358 0.063  H
2457972.83505 15.350 0.071  H
2457974.88003 15.498 0.112  H
2457976.85460 15.310 0.040  H
2457977.84073 15.308 0.041  H
2457978.83739 15.319 0.040  H
2457980.83447 15.354 0.049  H
2457981.83353 15.355 0.066  H
2457982.83748 15.490 0.150  H
2457983.82625 15.368 0.063  H
2457988.79190 15.355 0.059  H
2457989.79160 15.371 0.072  H
2457990.79207 15.325 0.049  H
2457991.79328 15.399 0.076  H
2457992.79936 15.416 0.048  H
2457993.83944 15.401 0.053  H
2458222.10959 15.333 0.045  H
2458254.03790 15.435 0.059  H
2458255.03629 15.329 0.056  H
2458257.05050 15.337 0.057  H
2458259.04640 15.336 0.052  H
2458260.04418 15.326 0.079  H
2458261.02158 15.328 0.040  H
2458262.02739 15.343 0.049  H
2458263.99968 15.325 0.054  H
2458265.03156 15.334 0.058  H
2458266.04181 15.363 0.055  H
2458266.98414 15.282 0.053  H
2458272.02036 15.432 0.063  H
2458273.05321 15.392 0.070  H
2458273.99753 15.467 0.107  H
2458274.97828 15.322 0.077  H
2458279.95981 15.315 0.043  H
2458281.94607 15.294 0.051  H
2458282.95642 15.339 0.050  H
2458283.93853 15.320 0.061  H
2458284.95193 15.315 0.058  H
2458286.95552 15.319 0.063  H
2458291.95164 15.470 0.108  H
2458292.92540 15.288 0.062  H
2458293.89185 15.631 0.220  H
2458294.95590 15.346 0.054  H
2458298.91026 15.317 0.042  H
2458299.92269 15.376 0.082  H
2458300.97117 15.299 0.044  H
2458303.99060 15.314 0.070  H
2458304.93027 15.286 0.039  H
2458305.92555 15.328 0.047  H
2458308.91717 15.313 0.062  H
2458309.89792 15.338 0.047  H
2458310.92054 15.309 0.042  H
2458311.92173 15.292 0.069  H
2458315.92180 15.320 0.049  H
2458316.93162 15.508 0.148  H
2458319.94666 15.369 0.065  H
2458321.88001 15.316 0.047  H
2458327.89142 15.341 0.045  H
2458328.83695 15.362 0.074  H
2458330.83038 15.334 0.055  H
2458331.83725 15.405 0.102  H
2458333.84140 15.372 0.061  H
2458335.88855 15.337 0.054  H
2458336.82100 15.323 0.044  H
