2457864.09005 13.804 0.015  H
2457865.08189 13.819 0.019  H
2457878.08562 13.721 0.019  H
2457879.05792 13.751 0.013  H
2457880.06496 13.762 0.013  H
2457881.05470 13.744 0.013  H
2457883.03937 13.954 0.030  H
2457884.05323 13.773 0.014  H
2457885.07069 13.781 0.014  H
2457886.06825 13.810 0.017  H
2457891.01501 13.762 0.013  H
2457892.01988 13.741 0.013  H
2457893.02477 13.798 0.016  H
2457895.05538 13.807 0.015  H
2457898.01756 13.786 0.015  H
2457900.03842 13.773 0.014  H
2457901.01372 13.730 0.019  H
2457902.03736 13.783 0.014  H
2457905.01322 13.783 0.016  H
2457906.00057 13.798 0.014  H
2457908.00659 13.811 0.015  H
2457909.98087 13.772 0.015  H
2457910.97045 13.744 0.013  H
2457911.99785 13.750 0.019  H
2457912.96141 13.769 0.016  H
2457916.97900 13.747 0.014  H
2457917.97582 13.768 0.013  H
2457918.96176 13.788 0.015  H
2457924.94012 13.759 0.016  H
2457926.92159 13.756 0.014  H
2457927.95822 13.782 0.013  H
2457928.93148 13.744 0.014  H
2457929.93146 13.786 0.014  H
2457932.92483 13.826 0.023  H
2457933.90518 13.771 0.015  H
2457934.89849 13.730 0.014  H
2457936.93518 13.754 0.014  H
2457937.90428 13.735 0.014  H
2457939.90761 13.735 0.021  H
2457945.93629 13.728 0.014  H
2457948.87678 13.737 0.019  H
2457949.89114 13.693 0.014  H
2457950.87926 13.696 0.014  H
2457951.87253 13.695 0.013  H
2457953.92578 13.666 0.014  H
2457954.84791 13.671 0.013  H
2457955.86442 13.648 0.017  H
2457958.84522 13.634 0.012  H
2457959.84513 13.679 0.019  H
2457960.85540 13.640 0.013  H
2457961.85022 13.644 0.015  H
2457964.84506 13.589 0.013  H
2457965.83766 13.614 0.025  H
2457966.83440 13.566 0.013  H
2457970.84591 13.512 0.014  H
2457971.84208 13.532 0.016  H
2457972.82559 13.480 0.013  H
2457974.88135 13.511 0.021  H
2457976.84518 13.383 0.012  H
2457977.83130 13.393 0.012  H
2457978.82795 13.371 0.012  H
2457980.82490 13.343 0.012  H
2457981.82403 13.276 0.014  H
2457982.82737 13.307 0.017  H
2457983.81682 13.233 0.012  H
2457988.79322 13.067 0.013  H
2457989.79293 13.068 0.013  H
2457990.79339 13.012 0.011  H
2457991.79459 12.970 0.012  H
2457992.80068 11.537 0.010  H
2457993.84076 11.881 0.010  H
2457575.89780 14.689 0.259  H
2457487.15469 13.806 0.017  H
2457488.08534 13.831 0.014  H
2457488.13142 13.850 0.016  H
2457489.09031 13.809 0.013  H
2457489.14449 13.782 0.013  H
2457490.09451 13.820 0.014  H
2457490.14434 13.816 0.018  H
2457491.10340 13.831 0.015  H
2457491.14770 13.822 0.016  H
2457492.09940 13.867 0.022  H
2457492.14408 13.825 0.022  H
2457493.08935 13.861 0.030  H
2457493.13358 13.878 0.021  H
2457494.08013 13.818 0.014  H
2457494.12437 13.832 0.015  H
2457495.08281 13.803 0.014  H
2457495.13353 13.851 0.014  H
2457496.07215 13.957 0.034  H
2457496.12991 13.830 0.025  H
2457497.08871 13.865 0.027  H
2457497.13466 13.822 0.023  H
2457498.05304 13.802 0.015  H
2457498.09836 13.807 0.014  H
2457499.08422 13.842 0.024  H
2457499.12855 13.836 0.020  H
2457500.11175 13.853 0.016  H
2457501.04709 13.801 0.019  H
2457501.09199 13.814 0.016  H
2457502.05859 13.872 0.023  H
2457502.10309 13.801 0.019  H
2457503.05339 13.813 0.018  H
2457503.09837 13.805 0.017  H
2457507.05362 13.813 0.015  H
2457507.10439 13.796 0.014  H
2457508.06624 13.829 0.016  H
2457508.11100 13.817 0.022  H
2457509.05710 13.838 0.015  H
2457509.10889 13.794 0.014  H
2457510.02846 13.827 0.016  H
2457510.13433 13.833 0.016  H
2457511.03902 13.783 0.017  H
2457511.08797 13.924 0.029  H
2457512.04705 13.824 0.017  H
2457512.09556 13.825 0.017  H
2457513.02428 13.792 0.016  H
2457513.07233 13.797 0.013  H
2457515.01731 13.802 0.014  H
2457515.06287 13.823 0.015  H
2457516.01305 13.801 0.025  H
2457516.05861 13.802 0.014  H
2457517.02516 13.806 0.016  H
2457517.06886 13.860 0.024  H
2457519.03920 14.000 0.038  H
2457519.08775 13.816 0.024  H
2457520.04562 13.804 0.018  H
2457520.09060 13.830 0.016  H
2457521.04494 13.805 0.017  H
2457521.08796 13.802 0.014  H
2457523.07299 13.848 0.016  H
2457524.03655 13.790 0.016  H
2457524.09966 13.851 0.022  H
2457525.01992 13.853 0.026  H
2457526.01337 13.796 0.016  H
2457526.05775 13.849 0.017  H
2457527.01804 13.851 0.016  H
2457527.06822 13.792 0.014  H
2457527.99266 13.788 0.019  H
2457528.03767 13.840 0.020  H
2457528.99521 13.830 0.015  H
2457529.04370 13.769 0.016  H
2457529.98435 13.865 0.017  H
2457530.04227 13.814 0.018  H
2457531.02040 13.785 0.016  H
2457531.06805 13.792 0.015  H
2457532.00459 13.819 0.015  H
2457532.05178 13.805 0.015  H
2457535.05089 13.805 0.016  H
2457536.02687 13.851 0.019  H
2457536.07580 13.855 0.017  H
2457538.08602 13.892 0.018  H
2457539.01054 13.816 0.015  H
2457539.05424 13.818 0.016  H
2457539.96242 13.900 0.019  H
2457540.01004 13.839 0.023  H
2457540.98676 13.816 0.018  H
2457541.04367 13.807 0.017  H
2457541.96329 13.812 0.015  H
2457542.00964 13.818 0.015  H
2457542.06186 13.787 0.015  H
2457542.93702 13.840 0.022  H
2457542.98566 13.854 0.021  H
2457543.03787 13.798 0.017  H
2457543.97031 13.842 0.023  H
2457544.01962 13.778 0.020  H
2457544.06721 13.815 0.021  H
2457544.93795 13.833 0.019  H
2457544.98755 13.834 0.014  H
2457545.95218 13.905 0.020  H
2457546.00131 13.835 0.015  H
2457546.05855 13.817 0.015  H
2457546.92327 13.815 0.019  H
2457546.97009 13.801 0.016  H
2457547.01455 13.795 0.015  H
2457547.96275 13.836 0.015  H
2457548.00674 13.839 0.015  H
2457548.05428 13.799 0.014  H
2457548.96901 13.833 0.015  H
2457549.01372 13.797 0.015  H
2457549.96152 13.821 0.014  H
2457550.01337 13.817 0.014  H
2457550.94854 13.809 0.014  H
2457550.99379 13.784 0.014  H
2457551.04387 13.852 0.021  H
2457554.95942 13.804 0.020  H
2457555.00596 13.856 0.018  H
2457555.04936 13.811 0.018  H
2457555.92031 13.856 0.015  H
2457555.96386 13.820 0.014  H
2457556.01672 13.762 0.061  H
2457558.93276 13.818 0.014  H
2457558.97924 13.814 0.017  H
2457559.02733 13.836 0.019  H
2457561.92834 13.788 0.017  H
2457561.97771 13.831 0.015  H
2457562.02665 13.842 0.016  H
2457562.88085 13.796 0.017  H
2457562.92945 13.802 0.015  H
2457562.97526 13.791 0.017  H
2457563.91599 13.802 0.014  H
2457563.95992 13.846 0.016  H
2457564.91295 13.818 0.015  H
2457564.95674 13.841 0.015  H
2457565.00710 13.804 0.014  H
2457567.97776 13.873 0.026  H
2457573.85591 13.838 0.015  H
2457573.90653 13.838 0.015  H
2457573.95321 13.809 0.015  H
2457574.86788 13.856 0.019  H
2457574.91498 13.798 0.019  H
2457574.96037 13.851 0.018  H
2457575.89780 13.757 0.035  H
2457575.95363 13.782 0.013  H
2457576.86863 13.806 0.017  H
2457576.91532 13.788 0.017  H
2457576.96428 13.764 0.018  H
2457577.84439 13.813 0.019  H
2457577.89092 13.807 0.019  H
2457577.93803 13.814 0.020  H
2458293.89321 13.472 0.041  H
2458222.10010 13.782 0.015  H
2458234.13456 13.797 0.014  H
2458254.01549 13.835 0.018  H
2458255.02637 13.797 0.016  H
2458257.04074 13.818 0.016  H
2458259.03687 13.801 0.018  H
2458260.03462 13.801 0.020  H
2458261.01193 13.807 0.014  H
2458262.00762 13.835 0.016  H
2458263.98919 13.825 0.017  H
2458265.02218 13.826 0.017  H
2458266.03238 13.861 0.016  H
2458266.97481 13.844 0.022  H
2458271.99408 13.849 0.020  H
2458273.04359 13.840 0.019  H
2458273.98748 13.871 0.023  H
2458274.96873 13.885 0.026  H
2458279.95016 13.803 0.015  H
2458281.94747 13.783 0.015  H
2458282.94685 13.822 0.017  H
2458283.93995 13.816 0.017  H
2458284.95331 13.814 0.017  H
2458286.95694 13.814 0.019  H
2458291.94129 13.839 0.018  H
2458292.92678 13.798 0.018  H
2458294.94581 13.821 0.015  H
2458298.91165 13.785 0.014  H
2458299.92408 13.843 0.020  H
2458300.96178 13.808 0.015  H
2458303.98107 13.786 0.016  H
2458304.93166 13.816 0.014  H
2458305.91614 13.816 0.015  H
2458308.90775 13.844 0.018  H
2458309.88163 13.788 0.015  H
2458310.91113 13.768 0.013  H
2458311.91217 13.797 0.018  H
2458315.91240 13.810 0.016  H
2458316.91832 13.925 0.030  H
2458319.93201 13.783 0.018  H
2458321.87042 13.813 0.015  H
2458327.87602 13.787 0.014  H
2458328.82702 13.853 0.021  H
2458330.82098 13.820 0.016  H
2458331.82559 13.840 0.023  H
2458333.83198 13.800 0.021  H
2458335.87912 13.815 0.018  H
2458336.81160 13.796 0.014  H
2458590.09428 13.789 0.014  H
2458591.10532 13.815 0.018  H
2458592.10392 13.843 0.021  H
2458593.10086 13.798 0.017  H
2458594.09962 13.771 0.018  H
2458595.09575 13.792 0.014  H
2458599.08724 13.798 0.015  H
2458600.08846 13.811 0.014  H
2458601.08746 13.793 0.015  H
2458605.07294 13.779 0.013  H
2458606.08409 13.795 0.014  H
2458607.07108 13.791 0.016  H
2458611.07377 13.788 0.015  H
2458612.08861 13.810 0.014  H
2458614.05245 13.810 0.015  H
2458615.03893 13.807 0.016  H
2458616.03976 13.794 0.014  H
2458617.02644 13.792 0.022  H
2458619.01685 13.792 0.015  H
2458620.03832 13.810 0.014  H
2458621.03874 13.808 0.016  H
2458622.03796 13.839 0.020  H
2458627.04817 13.796 0.016  H
2458628.02953 13.792 0.018  H
2458629.04769 13.803 0.016  H
2458630.01634 13.837 0.023  H
2458632.01402 13.812 0.014  H
2458632.98424 13.794 0.014  H
2458633.97786 13.698 0.031  H
2458635.00148 13.836 0.019  H
2458636.98510 13.784 0.016  H
2458637.96838 13.807 0.018  H
2458640.02144 13.817 0.017  H
2458642.00109 13.816 0.018  H
2458642.96793 13.804 0.015  H
2458643.98979 13.804 0.015  H
2458644.95257 13.820 0.020  H
2458646.95937 13.816 0.015  H
2458647.98014 13.820 0.016  H
2458648.97047 13.809 0.017  H
2458649.95608 13.797 0.021  H
2458653.94627 13.817 0.015  H
2458654.94618 13.804 0.015  H
2458659.94055 13.823 0.023  H
2458660.93502 13.798 0.015  H
2458664.88388 13.822 0.014  H
2458665.00257 13.813 0.015  H
2458665.89782 13.817 0.015  H
2458666.88651 13.797 0.014  H
2458667.00204 13.834 0.015  H
2458668.89759 13.808 0.018  H
2458669.93458 13.820 0.015  H
2458671.90727 13.801 0.015  H
2458674.87858 13.816 0.022  H
2458675.85142 13.805 0.017  H
2458676.85668 13.805 0.015  H
2458680.92365 13.829 0.015  H
2458708.81298 13.859 0.024  H
2458709.81461 13.782 0.019  H
2458710.81312 13.678 0.025  H
2458711.87722 13.829 0.018  H
2458712.87179 13.871 0.040  H
2458714.81193 13.794 0.021  H
2458717.85290 13.729 0.022  H
2458718.82489 13.820 0.022  H
2458719.82144 13.828 0.016  H
2458721.81907 13.804 0.019  H
2458724.81897 13.824 0.017  H
2458736.78584 13.809 0.018  H
2457882.08502 13.304 0.013  K
2457887.09604 13.310 0.016  K
2457894.04260 13.268 0.014  K
2457904.00620 13.276 0.014  K
2457921.00508 13.263 0.013  K
2457925.96892 13.266 0.013  K
2457930.93104 13.258 0.014  K
2457935.94047 13.225 0.016  K
2457947.94857 13.237 0.015  K
2457957.84767 13.173 0.013  K
2457967.86422 13.049 0.012  K
2457979.85083 12.851 0.012  K
2458258.02705 13.327 0.016  K
2458263.06637 13.307 0.016  K
2458276.01477 13.278 0.017  K
2458285.96966 13.324 0.022  K
2458290.96755 13.287 0.015  K
2458307.99011 13.379 0.022  K
2458312.88604 13.319 0.018  K
2458329.88417 13.299 0.015  K
2458613.08485 13.285 0.014  K
2458618.07115 13.306 0.016  K
2458623.07422 13.282 0.014  K
2458631.02965 13.289 0.013  K
2458636.01739 13.293 0.015  K
2458645.98684 13.295 0.021  K
2458663.00639 13.279 0.016  K
2458667.88978 13.269 0.013  K
2458677.92636 13.308 0.020  K
