2458590.05000 14.934 0.029  H
2458591.06150 14.963 0.038  H
2458592.06578 15.002 0.060  H
2458593.06144 14.820 0.043  H
2458594.06081 14.875 0.032  H
2458595.05734 14.863 0.030  H
2458599.04218 14.896 0.039  H
2458600.04237 14.891 0.037  H
2458601.03710 14.860 0.039  H
2458605.03370 14.872 0.033  H
2458606.03523 14.903 0.048  H
2458607.02062 14.897 0.047  H
2458611.03044 14.909 0.035  H
2458612.04252 14.877 0.028  H
2458614.01189 14.847 0.034  H
2458614.99605 14.842 0.030  H
2458615.99750 14.888 0.030  H
2458616.98777 14.893 0.039  H
2458618.97381 14.946 0.035  H
2458619.98980 14.881 0.031  H
2458620.99351 14.904 0.039  H
2458621.99447 14.852 0.051  H
2458627.00525 14.890 0.031  H
2458627.98304 14.856 0.052  H
2458629.00135 14.821 0.033  H
2458629.97369 14.900 0.038  H
2458631.97442 14.862 0.029  H
2458632.94201 14.795 0.031  H
2458633.93408 14.780 0.035  H
2458634.95431 14.867 0.050  H
2458636.93968 14.823 0.031  H
2458637.92581 14.774 0.049  H
2458639.95472 14.848 0.028  H
2458641.96162 14.860 0.039  H
2458642.91854 14.789 0.038  H
2458643.94908 14.822 0.033  H
2458644.90924 14.795 0.035  H
2458646.91214 14.784 0.027  H
2458647.93443 14.797 0.030  H
2458648.92503 14.769 0.028  H
2458649.91291 14.773 0.035  H
2458653.90301 14.790 0.033  H
2458654.90208 14.757 0.029  H
2458655.90996 14.765 0.049  H
2458657.00482 14.774 0.033  H
2458659.89723 14.687 0.050  H
2458660.89084 14.705 0.030  H
2458664.84107 14.673 0.023  H
2458664.96347 14.686 0.024  H
2458665.85016 14.670 0.034  H
2458666.84376 14.642 0.028  H
2458666.96279 14.662 0.031  H
2458667.96610 14.652 0.025  H
2458668.85337 14.673 0.037  H
2458669.89191 14.673 0.029  H
2458671.86418 14.603 0.027  H
2458674.83586 14.597 0.029  H
2458675.80823 14.581 0.044  H
2458676.81759 14.588 0.022  H
2458680.88063 14.529 0.027  H
2458708.76932 13.990 0.021  H
2458709.77250 13.958 0.030  H
2458710.76860 13.911 0.021  H
2458711.83143 13.869 0.016  H
2458712.83275 13.796 0.039  H
2458713.86398 13.806 0.020  H
2458714.75988 13.755 0.022  H
2458715.75976 13.781 0.023  H
2458716.83707 13.664 0.019  H
2458717.80828 13.668 0.020  H
2458718.77930 13.611 0.014  H
2458719.77604 13.565 0.018  H
2458721.77725 13.526 0.014  H
2458722.82560 13.490 0.020  H
2458724.77388 13.393 0.022  H
2458733.78461 13.296 0.031  H
2458734.77515 13.272 0.014  H
2458736.74251 13.348 0.014  H
2457865.05639 15.111 0.028  H
2457880.03101 15.103 0.026  H
2457883.00974 15.113 0.046  H
2457886.04246 15.094 0.034  H
2457891.98778 15.088 0.029  H
2457894.97802 15.213 0.069  H
2457897.99205 15.097 0.029  H
2457900.98358 15.068 0.029  H
2457903.97200 15.126 0.055  H
2457909.95226 15.075 0.029  H
2457912.93553 15.137 0.049  H
2457918.93127 15.098 0.035  H
2457924.91406 15.110 0.036  H
2457927.92885 15.141 0.025  H
2457930.90038 15.130 0.033  H
2457933.87451 15.099 0.045  H
2457936.90956 15.165 0.046  H
2457939.87742 15.167 0.059  H
2457945.90717 15.129 0.031  H
2457948.84404 15.107 0.078  H
2457951.84650 15.042 0.026  H
2457954.82170 15.077 0.027  H
2457957.82172 15.007 0.066  H
2457960.82594 15.011 0.052  H
2457966.80837 15.111 0.038  H
2457972.80001 15.072 0.029  H
2457978.79479 15.135 0.031  H
2457981.79830 15.153 0.049  H
2458006.71278 15.035 0.038  H
2458006.71403 15.041 0.038  H
2458007.71545 14.976 0.059  H
2458007.71670 14.985 0.057  H
2458008.72041 15.045 0.046  H
2458008.72168 15.013 0.046  H
2458009.71836 14.807 0.104  H
2458009.71959 14.864 0.142  H
2458010.71790 15.068 0.049  H
2458010.71915 15.072 0.052  H
2458011.71766 15.039 0.052  H
2458011.71891 15.004 0.049  H
2458019.70761 15.046 0.040  H
2458019.70885 15.030 0.037  H
2458020.71044 14.766 0.068  H
2458020.71169 14.771 0.060  H
2458021.70696 15.056 0.054  H
2458021.70820 15.074 0.049  H
2458025.71983 14.977 0.039  H
2458025.72107 15.024 0.043  H
2458026.70813 15.013 0.046  H
2458026.70937 14.991 0.047  H
2458027.70838 15.044 0.037  H
2458027.70963 15.030 0.034  H
2458029.70757 15.009 0.033  H
2458029.70882 14.999 0.047  H
2458030.71015 15.040 0.088  H
2458030.71139 15.102 0.107  H
2458036.69448 14.979 0.052  H
2458036.69573 15.013 0.056  H
2458037.69752 15.043 0.048  H
2458037.69875 15.067 0.050  H
2458222.07335 15.127 0.029  H
2458234.10507 15.087 0.034  H
2458254.99998 15.100 0.033  H
2458257.99125 15.098 0.047  H
2458260.98228 15.055 0.031  H
2458263.96332 15.113 0.041  H
2458266.94924 15.118 0.048  H
2458273.96171 15.103 0.072  H
2458279.91796 15.073 0.030  H
2458282.91734 15.046 0.039  H
2458285.93496 15.039 0.038  H
2458291.91135 14.974 0.038  H
2458294.91161 15.072 0.031  H
2458300.93234 15.057 0.030  H
2458303.95346 15.052 0.043  H
2458309.85590 15.063 0.030  H
2458312.85079 15.050 0.052  H
2458315.88679 15.020 0.027  H
2458321.84063 15.080 0.044  H
2458327.85030 15.057 0.030  H
2458330.79262 15.054 0.042  H
2458333.79807 15.163 0.068  H
2458336.77824 15.076 0.029  H
2458592.07791 15.138 0.055  H
2458595.06972 15.060 0.032  H
2458601.04942 15.000 0.044  H
2458607.04469 15.052 0.038  H
2458613.04545 15.048 0.034  H
2458616.00981 15.019 0.030  H
2458618.98615 15.011 0.035  H
2458622.00713 15.040 0.049  H
2458629.01422 14.988 0.036  H
2458631.98689 15.000 0.026  H
2458634.96742 14.969 0.034  H
2458637.94240 15.031 0.053  H
2458643.96162 14.946 0.027  H
2458646.92459 14.959 0.026  H
2458649.92630 14.920 0.038  H
2458664.85374 14.790 0.022  H
2458667.85092 14.828 0.029  H
2458676.83036 14.732 0.022  H
2458613.03273 14.502 0.034  K
2458618.04268 14.472 0.043  K
2458623.04924 14.384 0.034  K
2458631.00488 14.430 0.026  K
2458635.99175 14.396 0.033  K
2458645.96237 14.332 0.042  K
2458662.98168 14.273 0.029  K
2458667.83814 14.249 0.025  K
2458672.92125 14.159 0.040  K
2458677.90182 14.155 0.040  K
2457864.02330 14.582 0.033  K
2457864.06224 14.674 0.036  K
2457864.10798 14.704 0.031  K
2457865.01791 14.627 0.034  K
2457865.09964 14.731 0.056  K
2457878.01524 14.603 0.030  K
2457878.05983 14.536 0.061  K
2457878.10348 14.610 0.042  K
2457878.98478 14.586 0.029  K
2457879.02460 14.677 0.031  K
2457879.07569 14.673 0.028  K
2457879.99257 14.716 0.032  K
2457880.08274 14.600 0.028  K
2457880.98603 14.590 0.025  K
2457881.02867 14.694 0.029  K
2457881.07246 14.690 0.028  K
2457882.00416 14.639 0.033  K
2457882.00547 14.611 0.033  K
2457882.00678 14.653 0.034  K
2457882.97168 14.608 0.048  K
2457883.05713 14.728 0.053  K
2457883.98706 14.695 0.031  K
2457884.02741 14.696 0.041  K
2457884.07864 14.658 0.037  K
2457885.00346 14.673 0.036  K
2457885.04374 14.667 0.029  K
2457885.09317 14.659 0.033  K
2457885.99680 14.627 0.037  K
2457886.08681 14.599 0.054  K
2457887.00881 14.636 0.060  K
2457887.01012 14.666 0.059  K
2457887.01141 14.699 0.051  K
2457890.94756 14.647 0.032  K
2457890.98922 14.678 0.033  K
2457891.03273 14.657 0.029  K
2457891.94934 14.649 0.030  K
2457892.03763 14.652 0.027  K
2457892.95237 14.625 0.036  K
2457892.99095 14.676 0.037  K
2457893.04250 14.632 0.042  K
2457893.96881 14.727 0.037  K
2457893.97013 14.651 0.037  K
2457893.97144 14.696 0.041  K
2457894.93722 14.705 0.040  K
2457895.07313 14.642 0.030  K
2457897.94666 14.668 0.042  K
2457898.03602 14.693 0.036  K
2457898.98988 14.613 0.028  K
2457898.99118 14.636 0.029  K
2457898.99250 14.655 0.031  K
2457899.96723 14.690 0.033  K
2457900.00632 14.705 0.032  K
2457900.05617 14.606 0.033  K
2457900.94143 14.706 0.040  K
2457901.03208 14.666 0.039  K
2457901.95463 14.664 0.030  K
2457902.00190 14.656 0.032  K
2457902.05535 14.676 0.031  K
2457902.94220 14.621 0.030  K
2457903.92704 14.610 0.035  K
2457904.02444 14.630 0.028  K
2457904.94886 14.666 0.031  K
2457904.98747 14.640 0.038  K
2457905.03658 14.633 0.032  K
2457905.92563 14.620 0.027  K
2457905.96416 14.649 0.028  K
2457906.01837 14.642 0.026  K
2457907.93378 14.616 0.058  K
2457907.97223 14.623 0.040  K
2457908.02428 14.656 0.036  K
2457909.91074 14.726 0.039  K
2457909.99862 14.686 0.033  K
2457910.89443 14.717 0.038  K
2457910.93310 14.691 0.036  K
2457910.98815 14.712 0.034  K
2457911.97034 14.693 0.032  K
2457912.89764 14.694 0.033  K
2457912.97905 14.666 0.067  K
2457916.90887 14.663 0.029  K
2457916.95320 14.708 0.036  K
2457917.00292 14.657 0.031  K
2457917.90583 14.619 0.035  K
2457917.94987 14.634 0.058  K
2457917.99766 14.730 0.034  K
2457918.89313 14.613 0.031  K
2457918.97975 14.608 0.032  K
2457920.92636 14.691 0.040  K
2457920.92767 14.668 0.054  K
2457920.92898 14.667 0.060  K
2457924.87424 14.654 0.051  K
2457924.95781 14.715 0.047  K
2457925.89338 14.708 0.036  K
2457925.89468 14.738 0.039  K
2457925.89599 14.726 0.038  K
2457926.85718 14.721 0.039  K
2457926.89578 14.736 0.040  K
2457926.94539 14.651 0.030  K
2457927.89034 14.657 0.028  K
2457927.97640 14.621 0.029  K
2457928.86247 14.697 0.042  K
2457928.90508 14.661 0.040  K
2457928.95592 14.657 0.028  K
2457929.85394 14.665 0.032  K
2457929.89928 14.694 0.039  K
2457929.94928 14.672 0.030  K
2457930.86203 14.621 0.030  K
2457930.94849 14.673 0.034  K
2457931.90546 14.622 0.028  K
2457931.94793 14.648 0.031  K
2457932.85403 14.694 0.047  K
2457932.89881 14.603 0.042  K
2457932.94648 14.539 0.061  K
2457933.83598 14.576 0.037  K
2457933.92283 14.663 0.042  K
2457934.83408 14.649 0.034  K
2457934.87258 14.755 0.041  K
2457934.91618 14.739 0.036  K
2457935.86447 14.681 0.046  K
2457935.86578 14.628 0.043  K
2457935.86709 14.675 0.045  K
2457936.86756 14.635 0.043  K
2457936.95277 14.585 0.032  K
2457937.83062 14.664 0.029  K
2457937.86977 14.718 0.039  K
2457937.92216 14.671 0.030  K
2457939.83953 14.586 0.093  K
2457944.86814 14.622 0.033  K
2457944.92131 14.607 0.042  K
2457945.85712 14.660 0.038  K
2457945.95391 14.627 0.034  K
2457947.87512 14.625 0.045  K
2457947.87641 14.632 0.043  K
2457947.87770 14.706 0.053  K
2457948.80593 14.577 0.070  K
2457948.89449 14.610 0.052  K
2457949.82434 14.622 0.042  K
2457949.86409 14.671 0.032  K
2457949.90885 14.665 0.042  K
2457950.80885 14.655 0.029  K
2457950.85333 14.623 0.030  K
2457950.89691 14.667 0.033  K
2457951.80417 14.651 0.032  K
2457951.89019 14.596 0.033  K
2457952.86067 14.683 0.031  K
2457952.86198 14.678 0.030  K
2457952.86338 14.633 0.031  K
2457953.85648 14.595 0.029  K
2457953.89957 14.602 0.028  K
2457953.94447 14.599 0.031  K
2457954.78383 14.611 0.034  K
2457954.86553 14.709 0.033  K
2457955.80023 14.611 0.032  K
2457955.83865 14.646 0.030  K
2457955.88208 14.607 0.041  K
2457957.78071 14.620 0.075  K
2457957.86513 14.626 0.070  K
2457958.77641 14.609 0.028  K
2457958.81518 14.708 0.034  K
2457958.86298 14.670 0.028  K
2457959.77667 14.636 0.047  K
2457959.81834 14.662 0.051  K
2457959.86269 14.691 0.054  K
2457960.78033 14.665 0.038  K
2457960.87303 14.667 0.036  K
2457961.77565 14.644 0.045  K
2457961.82076 14.615 0.042  K
2457961.86785 14.617 0.043  K
2457964.77461 14.614 0.032  K
2457964.81889 14.643 0.030  K
2457964.86271 14.673 0.035  K
2457965.76155 14.695 0.051  K
2457965.80091 14.820 0.074  K
2457965.85540 14.590 0.047  K
2457966.76813 14.619 0.042  K
2457966.85235 14.595 0.040  K
2457967.79040 14.804 0.054  K
2457967.79171 14.746 0.048  K
2457967.79301 14.802 0.055  K
2457970.77234 14.638 0.047  K
2457970.82001 14.621 0.048  K
2457970.87497 14.597 0.032  K
2457971.77049 14.673 0.041  K
2457971.80999 14.636 0.034  K
2457971.85968 14.548 0.032  K
2457972.76012 14.687 0.047  K
2457972.84319 14.645 0.035  K
2457974.85725 14.599 0.031  K
2457976.76539 14.673 0.027  K
2457976.81524 14.652 0.029  K
2457976.86279 14.637 0.029  K
2457977.75948 14.737 0.035  K
2457977.80537 14.611 0.028  K
2457977.84898 14.608 0.029  K
2457978.75579 14.679 0.030  K
2457978.84553 14.691 0.030  K
2457979.77934 14.716 0.034  K
2457979.78065 14.693 0.035  K
2457979.78196 14.647 0.035  K
2457980.75535 14.666 0.043  K
2457980.79406 14.715 0.044  K
2457980.84263 14.727 0.033  K
2457981.76019 14.711 0.058  K
2457981.84801 14.610 0.031  K
2457982.75852 14.674 0.057  K
2457982.79711 14.670 0.058  K
2457982.84572 14.621 0.091  K
2457983.75234 14.696 0.050  K
2457983.79090 14.683 0.038  K
2457983.83441 14.698 0.045  K
2457985.79148 14.673 0.039  K
2457985.85359 14.629 0.039  K
2457988.77273 14.651 0.040  K
2457988.82520 14.708 0.054  K
2457989.77191 14.637 0.037  K
2457989.81639 14.675 0.054  K
2457990.77270 14.666 0.035  K
2457990.81710 14.624 0.044  K
2457991.77363 14.609 0.033  K
2457991.81773 14.720 0.057  K
2457992.77313 14.634 0.032  K
2457992.82493 14.664 0.032  K
2457993.81948 14.559 0.047  K
2458006.70985 14.630 0.039  K
2458006.71110 14.609 0.039  K
2458007.71261 14.454 0.054  K
2458007.71386 14.476 0.056  K
2458008.71757 14.541 0.048  K
2458008.71882 14.535 0.042  K
2458009.71552 14.206 0.094  K
2458009.71676 14.421 0.072  K
2458010.71454 14.588 0.047  K
2458010.71631 14.588 0.049  K
2458011.71482 14.606 0.043  K
2458011.71608 14.568 0.047  K
2458013.70854 14.574 0.034  K
2458019.70477 14.610 0.038  K
2458019.70602 14.571 0.038  K
2458020.70760 14.568 0.054  K
2458020.70884 14.489 0.064  K
2458021.70385 14.633 0.049  K
2458021.70510 14.590 0.041  K
2458025.71700 14.533 0.041  K
2458025.71825 14.533 0.039  K
2458026.70529 14.521 0.042  K
2458026.70653 14.548 0.045  K
2458027.70554 14.586 0.037  K
2458027.70679 14.560 0.033  K
2458029.70474 14.560 0.035  K
2458029.70597 14.587 0.035  K
2458030.70679 14.343 0.060  K
2458030.70805 14.444 0.065  K
2458036.69166 14.554 0.051  K
2458036.69291 14.535 0.051  K
2458037.69467 14.597 0.042  K
2458037.69591 14.608 0.047  K
2458222.04594 14.703 0.046  K
2458222.11814 14.695 0.032  K
2458234.06955 14.671 0.049  K
2458236.09053 14.680 0.050  K
2458236.09183 14.727 0.063  K
2458236.09315 14.670 0.058  K
2458253.96073 14.622 0.034  K
2458253.98853 14.591 0.037  K
2458254.04633 14.703 0.036  K
2458254.97148 14.735 0.040  K
2458255.04479 14.699 0.050  K
2458255.96444 14.737 0.043  K
2458256.98592 14.667 0.043  K
2458257.01386 14.675 0.037  K
2458257.05893 14.684 0.036  K
2458257.97447 14.668 0.067  K
2458258.04573 14.682 0.054  K
2458258.98292 14.635 0.057  K
2458259.01064 14.686 0.046  K
2458259.05979 14.735 0.052  K
2458259.98014 14.689 0.042  K
2458260.00800 14.701 0.042  K
2458260.05276 14.691 0.056  K
2458260.95447 14.696 0.032  K
2458261.03014 14.724 0.030  K
2458261.95292 14.660 0.033  K
2458261.98139 14.718 0.040  K
2458262.03585 14.741 0.038  K
2458263.00316 14.649 0.039  K
2458263.00448 14.697 0.040  K
2458263.00578 14.705 0.037  K
2458263.93537 14.752 0.052  K
2458264.00819 14.781 0.050  K
2458264.96120 14.601 0.046  K
2458264.99641 14.674 0.042  K
2458265.03990 14.647 0.041  K
2458265.97117 14.720 0.041  K
2458265.99904 14.716 0.038  K
2458266.05013 14.724 0.042  K
2458266.92035 14.780 0.069  K
2458266.99246 14.765 0.058  K
2458271.93810 14.675 0.053  K
2458271.96688 14.697 0.056  K
2458272.02882 14.676 0.046  K
2458272.98308 14.654 0.057  K
2458273.01727 14.664 0.037  K
2458273.06166 14.694 0.054  K
2458273.93462 14.748 0.064  K
2458274.00585 14.734 0.077  K
2458274.90833 14.579 0.066  K
2458274.93882 14.593 0.060  K
2458274.98681 14.658 0.060  K
2458275.94877 14.693 0.060  K
2458275.95007 14.698 0.059  K
2458275.95136 14.686 0.053  K
2458279.89025 14.685 0.039  K
2458279.96837 14.672 0.033  K
2458281.92674 14.705 0.050  K
2458281.97108 14.695 0.043  K
2458282.88868 14.662 0.034  K
2458282.96488 14.694 0.031  K
2458283.91501 14.709 0.050  K
2458283.96392 14.681 0.046  K
2458284.92748 14.732 0.041  K
2458284.97638 14.704 0.041  K
2458285.91430 14.662 0.042  K
2458285.98769 14.692 0.055  K
2458286.93517 14.681 0.039  K
2458286.98067 14.639 0.033  K
2458290.89766 14.713 0.030  K
2458290.89896 14.676 0.030  K
2458290.90026 14.683 0.030  K
2458291.88426 14.691 0.046  K
2458291.95991 14.520 0.077  K
2458292.90253 14.688 0.046  K
2458292.95023 14.755 0.060  K
2458293.91683 14.563 0.075  K
2458294.88384 14.702 0.038  K
2458294.96477 14.676 0.035  K
2458298.88586 14.654 0.033  K
2458298.93578 14.680 0.038  K
2458299.90082 14.664 0.045  K
2458299.95044 14.625 0.055  K
2458300.89696 14.656 0.035  K
2458300.97941 14.664 0.039  K
2458303.92595 14.622 0.033  K
2458304.90621 14.703 0.031  K
2458304.95708 14.680 0.030  K
2458305.84708 14.716 0.038  K
2458305.87472 14.544 0.078  K
2458305.93400 14.654 0.032  K
2458307.87935 14.673 0.063  K
2458307.88067 14.627 0.057  K
2458307.88196 14.708 0.045  K
2458308.85058 14.676 0.041  K
2458308.87788 14.682 0.035  K
2458308.92540 14.703 0.049  K
2458309.82501 14.715 0.047  K
2458309.90615 14.657 0.032  K
2458310.84912 14.669 0.059  K
2458310.87758 14.697 0.042  K
2458310.92877 14.653 0.034  K
2458311.85267 14.672 0.051  K
2458311.88078 14.772 0.071  K
2458311.93037 14.724 0.064  K
2458312.83447 14.703 0.042  K
2458312.90386 14.672 0.061  K
2458315.85718 14.663 0.029  K
2458315.93009 14.630 0.032  K
2458316.86342 14.583 0.066  K
2458316.89242 14.645 0.065  K
2458316.94217 14.589 0.069  K
2458317.89793 14.601 0.066  K
2458317.89923 14.680 0.062  K
2458319.90605 14.748 0.083  K
2458321.81360 14.639 0.039  K
2458321.88824 14.707 0.037  K
2458327.81998 14.668 0.035  K
2458327.89962 14.683 0.036  K
2458328.76792 14.710 0.063  K
2458328.79845 14.681 0.051  K
2458328.84512 14.674 0.049  K
2458329.81137 14.624 0.035  K
2458329.81269 14.689 0.034  K
2458329.81400 14.649 0.030  K
2458330.76218 14.693 0.044  K
2458330.84114 14.643 0.035  K
2458331.79683 14.670 0.127  K
2458331.84543 14.602 0.068  K
2458332.79474 14.592 0.081  K
2458333.75715 14.701 0.047  K
2458333.84981 14.677 0.054  K
2458335.82060 14.674 0.037  K
2458335.84793 14.657 0.038  K
2458335.89692 14.621 0.047  K
2458336.75110 14.679 0.036  K
2458336.82915 14.654 0.030  K
2458590.03505 14.619 0.028  K
2458590.06417 14.634 0.031  K
2458590.11202 14.602 0.027  K
2458591.04657 14.555 0.045  K
2458591.07411 14.647 0.046  K
2458591.12780 14.565 0.042  K
2458592.05076 14.595 0.064  K
2458592.12178 14.678 0.074  K
2458593.04622 14.620 0.044  K
2458593.07411 14.624 0.044  K
2458593.11894 14.658 0.043  K
2458594.04560 14.595 0.033  K
2458594.07352 14.625 0.034  K
2458594.11767 14.593 0.035  K
2458595.04213 14.554 0.025  K
2458595.11396 14.580 0.029  K
2458599.02666 14.578 0.031  K
2458599.05486 14.583 0.031  K
2458599.10620 14.604 0.031  K
2458600.02713 14.577 0.034  K
2458600.05491 14.556 0.034  K
2458600.10648 14.573 0.030  K
2458601.02192 14.578 0.040  K
2458601.10590 14.614 0.032  K
2458605.01659 14.606 0.027  K
2458605.04683 14.569 0.026  K
2458605.09094 14.555 0.026  K
2458606.02003 14.603 0.034  K
2458606.05373 14.546 0.029  K
2458606.10206 14.572 0.030  K
2458607.00540 14.643 0.039  K
2458607.09459 14.630 0.033  K
2458611.01494 14.586 0.033  K
2458611.04324 14.632 0.036  K
2458611.09217 14.631 0.042  K
2458612.02691 14.587 0.027  K
2458612.05545 14.572 0.028  K
2458612.10734 14.575 0.029  K
2458613.02860 14.598 0.036  K
2458613.10326 14.570 0.031  K
2458613.99665 14.554 0.029  K
2458614.02501 14.566 0.032  K
2458614.07105 14.616 0.035  K
2458614.98068 14.515 0.032  K
2458615.00887 14.544 0.032  K
2458615.05694 14.610 0.039  K
2458615.98203 14.551 0.034  K
2458616.05797 14.611 0.033  K
2458616.97253 14.575 0.036  K
2458617.00032 14.577 0.047  K
2458617.04455 14.628 0.046  K
2458618.00319 14.564 0.057  K
2458618.00452 14.662 0.069  K
2458618.00584 14.563 0.065  K
2458618.95843 14.574 0.036  K
2458619.03498 14.581 0.032  K
2458619.97451 14.582 0.031  K
2458620.00231 14.592 0.029  K
2458620.05636 14.508 0.026  K
2458620.97831 14.564 0.035  K
2458621.00646 14.604 0.038  K
2458621.05689 14.539 0.029  K
2458621.97867 14.529 0.039  K
2458622.05598 14.621 0.064  K
2458623.00034 14.583 0.038  K
2458623.00164 14.570 0.039  K
2458623.00295 14.574 0.042  K
2458626.98960 14.532 0.029  K
2458627.01797 14.544 0.030  K
2458627.06700 14.466 0.032  K
2458627.96740 14.536 0.038  K
2458627.99588 14.558 0.041  K
2458628.04799 14.511 0.036  K
2458628.98544 14.529 0.033  K
2458629.06638 14.573 0.040  K
2458629.95837 14.484 0.044  K
2458629.98647 14.550 0.033  K
2458630.03481 14.520 0.059  K
2458630.96251 14.539 0.027  K
2458630.96384 14.545 0.026  K
2458630.96517 14.537 0.027  K
2458631.95915 14.502 0.026  K
2458632.03975 14.558 0.034  K
2458632.92661 14.534 0.029  K
2458632.95677 14.516 0.027  K
2458633.00296 14.518 0.028  K
2458633.91876 14.531 0.033  K
2458633.94800 14.561 0.045  K
2458633.99617 14.535 0.041  K
2458634.93897 14.537 0.042  K
2458635.01952 14.665 0.058  K
2458635.94790 14.507 0.039  K
2458635.94922 14.528 0.040  K
2458635.95056 14.477 0.035  K
2458636.92442 14.523 0.029  K
2458636.95258 14.528 0.031  K
2458637.00322 14.467 0.027  K
2458637.91047 14.495 0.046  K
2458637.98637 14.560 0.037  K
2458639.93876 14.488 0.030  K
2458639.96758 14.502 0.029  K
2458640.03951 14.546 0.032  K
2458641.94605 14.525 0.036  K
2458641.97437 14.518 0.041  K
2458642.01944 14.508 0.034  K
2458642.90321 14.517 0.039  K
2458642.94168 14.491 0.039  K
2458642.98597 14.479 0.037  K
2458643.93299 14.406 0.025  K
2458644.00773 14.465 0.030  K
2458644.89337 14.459 0.033  K
2458644.92197 14.465 0.032  K
2458644.97049 14.472 0.031  K
2458645.91334 14.512 0.038  K
2458645.91467 14.475 0.040  K
2458645.91599 14.503 0.038  K
2458646.89674 14.473 0.027  K
2458646.97745 14.499 0.037  K
2458647.91906 14.464 0.025  K
2458647.94709 14.419 0.030  K
2458647.99826 14.424 0.029  K
2458648.90966 14.448 0.027  K
2458648.93765 14.488 0.029  K
2458648.98858 14.454 0.025  K
2458649.89756 14.424 0.038  K
2458649.97432 14.508 0.043  K
2458653.88778 14.457 0.036  K
2458653.91552 14.438 0.028  K
2458653.96652 14.438 0.034  K
2458654.88680 14.448 0.028  K
2458654.91462 14.448 0.028  K
2458654.96436 14.426 0.026  K
2458655.89469 14.433 0.035  K
2458656.88744 14.424 0.033  K
2458659.88197 14.344 0.055  K
2458659.90973 14.412 0.046  K
2458659.95851 14.382 0.056  K
2458660.87559 14.350 0.032  K
2458660.90885 14.378 0.026  K
2458660.95321 14.299 0.046  K
2458662.93649 14.405 0.031  K
2458662.93781 14.426 0.032  K
2458662.93914 14.413 0.031  K
2458664.82576 14.325 0.024  K
2458664.90178 14.399 0.027  K
2458664.94818 14.341 0.021  K
2458664.97600 14.285 0.022  K
2458665.83487 14.392 0.033  K
2458665.86302 14.395 0.036  K
2458665.91605 14.386 0.028  K
2458665.95532 14.333 0.023  K
2458666.82815 14.365 0.028  K
2458666.85625 14.356 0.029  K
2458666.90444 14.378 0.025  K
2458666.94750 14.300 0.022  K
2458666.97545 14.288 0.022  K
2458667.83402 14.370 0.027  K
2458667.90754 14.314 0.022  K
2458667.95071 14.312 0.022  K
2458667.97900 14.284 0.023  K
2458668.83789 14.303 0.032  K
2458668.86587 14.325 0.030  K
2458668.91551 14.354 0.033  K
2458669.87618 14.302 0.025  K
2458669.90481 14.354 0.024  K
2458669.95245 14.275 0.026  K
2458671.84778 14.267 0.026  K
2458671.87666 14.369 0.026  K
2458671.92525 14.293 0.022  K
2458672.87167 14.338 0.055  K
2458672.87301 14.284 0.034  K
2458672.87435 14.282 0.065  K
2458674.81440 14.178 0.037  K
2458674.84838 14.286 0.032  K
2458674.90027 14.314 0.062  K
2458675.79290 14.286 0.044  K
2458675.82518 14.299 0.036  K
2458675.86936 14.302 0.034  K
2458676.79651 14.282 0.029  K
2458676.87844 14.256 0.023  K
2458677.85938 14.264 0.038  K
2458677.86070 14.290 0.043  K
2458677.86202 14.288 0.044  K
2458680.86523 14.192 0.024  K
2458680.89310 14.198 0.023  K
2458680.94166 14.168 0.024  K
2458708.74616 13.958 0.060  K
2458708.78298 13.586 0.018  K
2458708.84541 13.527 0.018  K
2458709.75078 13.657 0.030  K
2458709.78495 13.621 0.062  K
2458709.83252 13.611 0.025  K
2458710.75325 13.544 0.020  K
2458710.78144 13.585 0.021  K
2458710.83812 13.524 0.021  K
2458711.81607 13.515 0.015  K
2458711.84908 13.477 0.015  K
2458712.78918 13.503 0.027  K
2458712.84521 13.493 0.037  K
2458713.84791 13.409 0.018  K
2458714.74454 13.371 0.020  K
2458714.78012 13.353 0.018  K
2458714.83413 13.350 0.017  K
2458715.74442 13.286 0.026  K
2458715.77896 13.430 0.025  K
2458715.82652 13.166 0.024  K
2458716.82171 13.305 0.017  K
2458716.84998 13.300 0.015  K
2458717.79274 13.298 0.018  K
2458717.82652 13.276 0.020  K
2458718.76383 13.200 0.014  K
2458718.79833 13.325 0.025  K
2458718.84281 13.211 0.015  K
2458719.76068 13.216 0.015  K
2458719.79474 13.204 0.017  K
2458719.83940 13.156 0.013  K
2458721.75805 13.123 0.013  K
2458721.78980 13.146 0.013  K
2458721.83709 13.115 0.017  K
2458722.81005 13.092 0.015  K
2458722.83890 13.030 0.019  K
2458724.75492 13.035 0.017  K
2458724.79255 13.059 0.017  K
2458724.83819 13.025 0.014  K
2458733.76590 12.925 0.017  K
2458734.75974 12.911 0.014  K
2458734.79543 12.932 0.018  K
2458736.72711 12.956 0.015  K
2458736.75900 12.979 0.014  K
2458736.80824 12.970 0.015  K
