2458592.08605	14.21700 0.02900	15.02700	H
2458595.07811	14.20900 0.01700	15.01900	H
2458601.06630	14.26100 0.02600	15.07100	H
2458607.05295	14.19300 0.02000	15.00300	H
2458613.05443	14.11400 0.01600	14.92400	H
2458616.01808	14.14900 0.01600	14.95900	H
2458618.99447	14.18400 0.02100	14.99400	H
2458629.02263	14.14900 0.01900	14.95900	H
2458631.99514	14.09800 0.01500	14.90800	H
2458634.97565	14.12900 0.02400	14.93900	H
2458637.95062	14.10900 0.02200	14.91900	H
2458643.96993	13.99300 0.01500	14.80300	H
2458646.94146	13.83400 0.01500	14.64400	H
2458649.93449	13.68800 0.01400	14.49800	H
2458664.86227	13.79600 0.01300	14.60600	H
2458667.85912	13.89200 0.01500	14.70200	H
2458676.83852	13.99000 0.01500	14.80000	H
2457865.06446	14.16300 0.01500	14.97300	H
2457880.03917	14.11900 0.01400	14.92900	H
2457883.02198	14.23400 0.02300	15.04400	H
2457886.05061	14.28900 0.02200	15.09900	H
2457891.99587	14.15100 0.01600	14.96100	H
2457895.03769	14.28400 0.01700	15.09400	H
2457898.00016	14.24100 0.02700	15.05100	H
2457900.99171	14.23100 0.01900	15.04100	H
2457903.98006	14.24700 0.03200	15.05700	H
2457909.96038	14.22000 0.01900	15.03000	H
2457912.94354	14.19100 0.02100	15.00100	H
2457918.93931	14.22400 0.01800	15.03400	H
2457924.92268	14.22900 0.01900	15.03900	H
2457927.93691	14.18800 0.01400	14.99800	H
2457930.91332	14.27200 0.01900	15.08200	H
2457933.88262	14.31800 0.02300	15.12800	H
2457936.91759	14.27500 0.02300	15.08500	H
2457939.88937	14.31400 0.03200	15.12400	H
2457945.91519	14.28000 0.01800	15.09000	H
2457948.85836	14.34500 0.03600	15.15500	H
2457951.85454	14.22600 0.01600	15.03600	H
2457954.82970	14.15900 0.01500	14.96900	H
2457957.82972	14.27400 0.02600	15.08400	H
2457960.83689	14.32000 0.03000	15.13000	H
2457966.81664	14.25000 0.01800	15.06000	H
2457972.80794	14.23900 0.01700	15.04900	H
2457978.80279	14.19600 0.01700	15.00600	H
2457981.80630	14.17700 0.02300	14.98700	H
2458222.08161	14.28700 0.01800	15.09700	H
2458234.11388	14.32600 0.01900	15.13600	H
2458255.00827	14.22400 0.02100	15.03400	H
2458257.99956	14.25000 0.02400	15.06000	H
2458260.99403	14.24300 0.01600	15.05300	H
2458263.97143	14.24500 0.02100	15.05500	H
2458266.95739	14.18100 0.02500	14.99100	H
2458273.96982	14.27200 0.03800	15.08200	H
2458279.92604	14.20700 0.01600	15.01700	H
2458282.92553	14.24600 0.01800	15.05600	H
2458285.94618	14.24300 0.02200	15.05300	H
2458291.92376	14.25600 0.02400	15.06600	H
2458294.92738	14.26600 0.01800	15.07600	H
2458300.94115	14.24800 0.01800	15.05800	H
2458303.96166	14.28800 0.03600	15.09800	H
2458309.86396	14.20800 0.01600	15.01800	H
2458312.85883	14.28300 0.02900	15.09300	H
2458315.89484	14.22200 0.01600	15.03200	H
2458321.84871	14.24500 0.01900	15.05500	H
2458327.85832	14.15200 0.01500	14.96200	H
2458330.80058	14.26200 0.02000	15.07200	H
2458336.78623	14.18900 0.01600	14.99900	H
