2458222.10144 15.579 0.052  H
2458234.13586 15.316 0.040  H
2458254.01732 13.885 0.018  H
2458255.02770 13.864 0.017  H
2458257.04243 13.872 0.017  H
2458259.03822 13.848 0.016  H
2458260.03596 13.844 0.021  H
2458261.01330 13.774 0.013  H
2458262.00904 13.777 0.016  H
2458263.99052 13.568 0.014  H
2458265.02350 13.406 0.013  H
2458266.03371 12.432 0.010  H
2458266.97614 14.960 0.042  H
2458272.00190 15.119 0.056  H
2458273.04495 15.111 0.045  H
2458273.98947 15.183 0.066  H
2458274.97010 15.226 0.071  H
2458279.95149 15.299 0.044  H
2458281.94882 15.303 0.045  H
2458282.94821 15.402 0.051  H
2458283.94132 15.399 0.069  H
2458284.95464 15.432 0.052  H
2458286.95831 15.486 0.071  H
2458291.94298 15.544 0.063  H
2458292.92814 15.573 0.084  H
2458294.94782 15.582 0.059  H
2458298.91301 15.541 0.047  H
2458299.92545 15.753 0.107  H
2458300.96311 15.630 0.056  H
2458303.98243 15.672 0.064  H
2458304.93383 15.599 0.051  H
2458305.91749 15.640 0.047  H
2458308.90910 15.761 0.084  H
2458309.88307 15.689 0.054  H
2458310.91248 15.684 0.050  H
2458311.91353 15.859 0.133  H
2458315.91374 15.835 0.062  H
2458316.91967 16.219 0.223  H
2458319.93335 15.877 0.109  H
2458321.87176 15.831 0.067  H
2458327.87736 15.860 0.074  H
2458328.82878 15.962 0.118  H
2458330.82232 15.895 0.076  H
2458331.82695 16.029 0.148  H
2458333.83333 15.948 0.112  H
2458335.88045 15.900 0.081  H
2458336.81293 15.848 0.062  H
2457487.10852 16.989 0.157  H
2457487.15317 16.960 0.254  H
2457488.08403 16.883 0.146  H
2457489.08834 16.678 0.132  H
2457489.14291 16.939 0.159  H
2457492.09789 17.245 0.371  H
2457494.07854 16.926 0.167  H
2457494.12306 17.043 0.208  H
2457501.04557 16.974 0.489  H
2457507.10307 16.997 0.192  H
2457509.05579 16.912 0.173  H
2457509.10757 17.098 0.241  H
2457512.04572 17.210 0.310  H
2457513.07100 16.922 0.174  H
2457516.05729 16.979 0.178  H
2457517.02384 16.805 0.201  H
2457523.07166 17.420 0.394  H
2457524.09834 16.552 0.396  H
2457526.05643 16.852 0.234  H
2457527.06690 16.851 0.208  H
2457541.96197 17.022 0.230  H
2457543.96898 17.115 0.481  H
2457544.06576 16.978 0.337  H
2457545.99997 16.932 0.240  H
2457548.00540 16.989 0.175  H
2457548.96768 16.900 0.170  H
2457550.01205 16.949 0.185  H
2457550.94721 17.065 0.208  H
2457550.99245 16.937 0.188  H
2457561.97638 17.072 0.248  H
2457564.95523 16.843 0.242  H
2457487.10852 15.824 0.054  H
2457487.15317 15.869 0.066  H
2457488.08403 15.808 0.055  H
2457488.13010 15.917 0.093  H
2457489.08834 15.806 0.058  H
2457489.14291 15.776 0.053  H
2457490.09300 15.836 0.057  H
2457490.14288 15.871 0.068  H
2457491.10184 15.861 0.067  H
2457491.14638 15.827 0.073  H
2457492.09789 15.982 0.114  H
2457492.14255 16.026 0.156  H
2457493.08769 16.081 0.154  H
2457493.13225 16.094 0.134  H
2457494.07854 15.819 0.059  H
2457494.12306 15.882 0.068  H
2457495.08108 15.859 0.063  H
2457495.13201 15.909 0.061  H
2457496.12858 16.006 0.168  H
2457497.08739 15.958 0.153  H
2457497.13333 15.884 0.108  H
2457498.05172 15.823 0.071  H
2457498.09706 15.827 0.062  H
2457499.08292 15.922 0.149  H
2457499.12723 15.900 0.114  H
2457500.06375 15.810 0.074  H
2457500.10982 15.832 0.070  H
2457501.04557 15.884 0.115  H
2457501.09069 15.943 0.095  H
2457502.05719 15.947 0.131  H
2457502.10177 15.927 0.106  H
2457503.05202 15.905 0.103  H
2457503.09705 15.864 0.078  H
2457507.05201 15.869 0.070  H
2457507.10307 15.830 0.063  H
2457508.06493 15.851 0.075  H
2457508.10950 15.868 0.122  H
2457509.05579 15.832 0.062  H
2457509.10757 15.880 0.066  H
2457510.02697 15.854 0.099  H
2457510.13301 15.865 0.076  H
2457511.03747 15.880 0.092  H
2457511.08665 16.038 0.157  H
2457512.04572 15.866 0.080  H
2457512.09425 15.848 0.088  H
2457513.02297 15.854 0.072  H
2457513.07100 15.819 0.063  H
2457515.01585 15.937 0.076  H
2457515.06131 15.873 0.069  H
2457516.01149 16.164 0.177  H
2457516.05729 15.788 0.059  H
2457517.02384 15.879 0.080  H
2457517.06739 16.097 0.175  H
2457519.03789 16.102 0.320  H
2457519.08644 15.912 0.147  H
2457520.04351 15.963 0.115  H
2457520.08877 15.833 0.075  H
2457521.04341 15.901 0.082  H
2457521.08663 15.856 0.066  H
2457523.07166 15.865 0.079  H
2457524.03523 15.893 0.077  H
2457524.09834 16.048 0.159  H
2457525.01860 16.082 0.159  H
2457526.01205 15.849 0.077  H
2457526.05643 15.926 0.083  H
2457527.01672 15.862 0.089  H
2457527.06690 15.822 0.062  H
2457527.99101 15.923 0.100  H
2457528.03634 15.878 0.090  H
2457528.99388 15.935 0.092  H
2457529.04237 15.872 0.089  H
2457529.98303 16.015 0.111  H
2457530.04072 15.899 0.089  H
2457531.01854 15.872 0.086  H
2457531.06626 15.883 0.078  H
2457532.00327 15.851 0.073  H
2457532.05045 15.861 0.086  H
2457535.04957 15.851 0.082  H
2457536.02555 15.963 0.092  H
2457536.07444 15.978 0.101  H
2457537.99101 15.911 0.106  H
2457538.08470 15.926 0.083  H
2457539.00899 15.943 0.077  H
2457539.05274 15.913 0.098  H
2457539.96021 15.911 0.096  H
2457540.00872 16.011 0.129  H
2457540.98543 15.923 0.103  H
2457541.96197 15.846 0.070  H
2457542.00790 15.873 0.079  H
2457542.06004 15.853 0.072  H
2457542.93528 15.873 0.083  H
2457542.98364 15.949 0.116  H
2457543.03653 15.881 0.094  H
2457543.96898 15.943 0.128  H
2457544.01829 15.884 0.121  H
2457544.06576 15.928 0.121  H
2457544.93662 15.979 0.097  H
2457544.98620 15.853 0.064  H
2457545.95085 15.922 0.103  H
2457545.99997 15.866 0.065  H
2457546.05700 15.817 0.065  H
2457546.92195 15.934 0.096  H
2457546.96876 15.939 0.100  H
2457547.01322 15.885 0.079  H
2457547.96141 15.881 0.071  H
2457548.00540 15.825 0.059  H
2457548.05293 15.840 0.069  H
2457548.96768 15.874 0.066  H
2457549.01238 15.861 0.073  H
2457549.96020 15.872 0.065  H
2457550.01205 15.828 0.062  H
2457550.94721 15.872 0.062  H
2457550.99245 15.831 0.063  H
2457551.04255 15.873 0.081  H
2457554.95809 16.028 0.137  H
2457555.00463 16.031 0.126  H
2457555.04803 15.865 0.112  H
2457555.91872 15.952 0.077  H
2457555.96215 15.842 0.063  H
2457558.93144 15.852 0.063  H
2457558.97791 15.876 0.087  H
2457559.02577 15.907 0.102  H
2457561.92648 15.863 0.083  H
2457561.97638 15.845 0.070  H
2457562.02518 15.850 0.070  H
2457562.87951 15.912 0.097  H
2457562.92786 15.875 0.082  H
2457562.97369 15.881 0.085  H
2457563.91466 15.867 0.072  H
2457563.95860 16.040 0.113  H
2457564.91143 15.833 0.065  H
2457564.95523 15.837 0.061  H
2457565.00558 15.909 0.076  H
2457567.97641 16.100 0.153  H
2457573.85459 15.928 0.072  H
2457573.90520 15.809 0.059  H
2457573.95189 15.901 0.065  H
2457574.86655 16.104 0.141  H
2457574.91364 15.924 0.094  H
2457574.95902 16.068 0.126  H
2457575.89573 15.710 0.178  H
2457575.95230 15.828 0.058  H
2457576.86703 16.097 0.124  H
2457576.91398 15.901 0.089  H
2457576.96283 15.858 0.086  H
2457577.84306 15.915 0.108  H
2457577.88959 15.922 0.116  H
2457577.93649 16.003 0.142  H
2457911.99919 16.946 0.410  H
2457864.09137 15.945 0.068  H
2457865.08321 15.948 0.080  H
2457878.08694 15.965 0.108  H
2457879.05924 15.863 0.056  H
2457880.06627 15.888 0.055  H
2457881.05604 15.843 0.052  H
2457883.04069 16.159 0.162  H
2457884.05459 15.880 0.063  H
2457885.07201 15.976 0.079  H
2457886.06988 15.970 0.106  H
2457891.01633 15.902 0.061  H
2457892.02118 15.926 0.067  H
2457893.02609 15.952 0.095  H
2457895.05670 15.918 0.069  H
2457898.01888 15.905 0.080  H
2457900.03975 15.929 0.071  H
2457901.01516 16.011 0.111  H
2457902.03872 15.921 0.066  H
2457905.02011 15.937 0.075  H
2457906.00189 15.885 0.063  H
2457908.00791 15.938 0.071  H
2457909.98221 15.956 0.083  H
2457910.97178 15.929 0.065  H
2457911.99919 15.892 0.153  H
2457912.96273 15.916 0.089  H
2457916.98033 15.899 0.062  H
2457917.97715 15.941 0.081  H
2457918.96307 15.983 0.081  H
2457924.94147 15.971 0.084  H
2457926.92292 15.912 0.066  H
2457927.95956 15.869 0.058  H
2457928.93282 15.996 0.076  H
2457929.93279 15.944 0.062  H
2457932.92617 16.266 0.204  H
2457933.90651 15.963 0.079  H
2457934.89984 15.857 0.063  H
2457936.93652 15.911 0.076  H
2457937.90565 15.844 0.059  H
2457939.90895 16.045 0.130  H
2457945.93762 15.976 0.072  H
2457949.89248 15.993 0.085  H
2457950.88059 15.962 0.077  H
2457951.87388 15.915 0.064  H
2457953.92821 15.874 0.062  H
2457954.84926 15.944 0.068  H
2457955.86576 16.174 0.174  H
2457958.84655 15.911 0.055  H
2457959.84648 16.014 0.119  H
2457960.85676 15.956 0.066  H
2457961.85157 16.025 0.106  H
2457964.84641 15.936 0.069  H
2457966.83575 15.948 0.075  H
2457970.84725 15.952 0.083  H
2457971.84343 15.988 0.098  H
2457972.82694 15.894 0.078  H
2457974.88271 16.201 0.190  H
2457976.84653 15.851 0.056  H
2457977.83264 15.886 0.058  H
2457978.82931 15.912 0.066  H
2457980.82640 15.946 0.082  H
2457981.82539 15.956 0.108  H
2457983.81817 15.972 0.087  H
2457989.79429 15.968 0.125  H
2457991.79595 16.095 0.157  H
2457992.80203 15.797 0.060  H
2457993.84211 15.921 0.072  H
2458590.09560 16.045 0.070  H
2458591.10663 16.161 0.121  H
2458592.10526 16.281 0.164  H
2458593.10220 16.184 0.145  H
2458594.10096 16.182 0.109  H
2458595.09708 15.984 0.070  H
2458599.08858 16.063 0.085  H
2458600.08980 16.092 0.086  H
2458601.08881 16.103 0.092  H
2458605.07428 15.993 0.064  H
2458606.08542 16.010 0.077  H
2458607.07242 16.093 0.095  H
2458611.07511 16.024 0.091  H
2458612.08997 16.111 0.076  H
2458614.05379 16.114 0.090  H
2458615.04028 16.270 0.106  H
2458616.04111 16.062 0.079  H
2458617.02778 16.244 0.145  H
2458619.01832 16.077 0.091  H
2458620.03966 16.117 0.077  H
2458621.04009 16.123 0.106  H
2458622.03932 16.210 0.144  H
2458627.04983 16.184 0.097  H
2458628.03098 16.200 0.120  H
2458629.04928 16.177 0.110  H
2458630.01800 16.210 0.172  H
2458632.01538 16.049 0.077  H
2458632.98560 15.994 0.071  H
2458633.97950 16.243 0.244  H
2458635.00285 16.023 0.111  H
2458636.98643 16.072 0.090  H
2458637.96972 16.059 0.113  H
2458640.02280 16.133 0.103  H
2458642.00249 16.060 0.100  H
2458642.96928 16.133 0.110  H
2458643.99114 16.212 0.100  H
2458644.95392 16.148 0.131  H
2458646.96072 16.114 0.088  H
2458647.98152 16.118 0.102  H
2458648.97184 16.190 0.104  H
2458649.95742 16.277 0.159  H
2458653.94762 16.177 0.106  H
2458654.94753 16.130 0.082  H
2458659.94191 16.503 0.256  H
2458660.93662 16.089 0.094  H
2458664.88524 16.105 0.077  H
2458665.00393 16.118 0.082  H
2458665.89917 16.063 0.087  H
2458666.88787 16.047 0.070  H
2458667.00341 16.142 0.092  H
2458668.89895 16.087 0.119  H
2458669.93594 16.087 0.083  H
2458671.90875 16.044 0.075  H
2458675.85278 16.198 0.131  H
2458676.86179 16.143 0.092  H
2458680.92502 16.034 0.084  H
2458708.82087 16.030 0.103  H
2458710.81450 16.236 0.177  H
2458714.81333 16.315 0.164  H
2458717.85427 16.275 0.196  H
2458718.82626 16.380 0.204  H
2458719.82284 16.183 0.125  H
2458721.82044 16.089 0.120  H
2458724.82035 16.155 0.102  H
2458736.78722 16.155 0.118  H
