2457864.08520 15.263 0.026  H
2457865.07915 15.258 0.026  H
2457878.08285 15.237 0.047  H
2457879.05521 15.251 0.022  H
2457880.06215 15.257 0.021  H
2457881.05196 15.260 0.021  H
2457883.03662 15.252 0.049  H
2457884.05049 15.251 0.025  H
2457885.06768 15.246 0.022  H
2457886.06527 15.252 0.032  H
2457891.01227 15.245 0.023  H
2457892.01713 15.252 0.022  H
2457893.02203 15.252 0.034  H
2457895.05266 15.245 0.022  H
2457898.01484 15.231 0.024  H
2457900.03565 15.246 0.025  H
2457901.01100 15.215 0.043  H
2457902.03463 15.224 0.024  H
2457905.01051 15.241 0.034  H
2457908.00385 15.233 0.028  H
2457909.97514 15.211 0.026  H
2457910.96774 15.198 0.024  H
2457912.95869 15.193 0.031  H
2457916.97630 15.191 0.024  H
2457917.97298 15.180 0.025  H
2457918.95902 15.195 0.029  H
2457924.93745 15.151 0.030  H
2457926.91888 15.133 0.023  H
2457927.95551 15.114 0.020  H
2457928.92877 15.123 0.026  H
2457929.92877 15.117 0.021  H
2457932.92213 15.051 0.035  H
2457933.90247 15.081 0.026  H
2457934.89583 15.077 0.022  H
2457936.93248 15.068 0.022  H
2457937.90158 15.025 0.020  H
2457939.90446 14.993 0.045  H
2457945.93337 14.937 0.020  H
2457948.87331 14.876 0.035  H
2457949.88844 14.883 0.021  H
2457950.87655 14.858 0.019  H
2457953.92309 14.765 0.019  H
2457954.84523 14.733 0.018  H
2457955.86174 14.704 0.029  H
2457958.84255 14.641 0.015  H
2457959.84248 14.607 0.027  H
2457960.85273 14.618 0.016  H
2457961.84753 14.588 0.018  H
2457964.84237 14.560 0.016  H
2457965.83498 14.529 0.029  H
2457966.83167 14.451 0.022  H
2457970.84323 14.482 0.017  H
2457971.83326 14.417 0.019  H
2457972.82290 14.456 0.018  H
2457974.88978 14.413 0.031  H
2457976.84252 14.384 0.013  H
2457977.82863 14.363 0.013  H
2457978.82663 14.289 0.014  H
2457980.82222 14.141 0.014  H
2457981.82137 13.929 0.014  H
2457982.82470 13.512 0.014  H
2457983.81414 13.084 0.011  H
2457988.80149 14.386 0.020  H
2457989.80148 14.343 0.021  H
2457990.80224 14.495 0.016  H
2457992.80918 14.541 0.016  H
2457993.84885 14.548 0.017  H
2457487.11148 15.330 0.022  H
2457487.15602 15.308 0.024  H
2457488.08672 15.295 0.021  H
2457488.13279 15.288 0.028  H
2457489.09167 15.304 0.023  H
2457489.14586 15.299 0.021  H
2457490.09640 15.300 0.022  H
2457490.14571 15.295 0.030  H
2457491.10473 15.317 0.026  H
2457491.14923 15.286 0.025  H
2457492.10072 15.303 0.039  H
2457492.14541 15.289 0.034  H
2457493.09068 15.215 0.046  H
2457493.13503 15.317 0.039  H
2457494.08146 15.301 0.023  H
2457494.12569 15.287 0.024  H
2457495.08414 15.323 0.023  H
2457495.13487 15.294 0.023  H
2457496.13124 15.333 0.052  H
2457497.09028 15.317 0.049  H
2457497.13599 15.314 0.041  H
2457498.05437 15.320 0.026  H
2457498.09970 15.315 0.024  H
2457499.08556 15.310 0.045  H
2457499.12988 15.302 0.034  H
2457500.06671 15.270 0.027  H
2457500.11307 15.327 0.025  H
2457501.04841 15.298 0.036  H
2457501.09332 15.296 0.026  H
2457502.05991 15.336 0.053  H
2457502.10442 15.333 0.041  H
2457503.05471 15.342 0.030  H
2457503.09970 15.306 0.027  H
2457507.05495 15.310 0.028  H
2457507.10572 15.291 0.024  H
2457508.06757 15.308 0.032  H
2457508.11233 15.305 0.035  H
2457509.05843 15.297 0.026  H
2457509.11022 15.295 0.023  H
2457510.02979 15.295 0.026  H
2457510.13567 15.324 0.032  H
2457511.04037 15.314 0.033  H
2457512.04837 15.328 0.032  H
2457512.09691 15.333 0.031  H
2457513.02563 15.302 0.026  H
2457513.07366 15.285 0.022  H
2457515.01866 15.331 0.027  H
2457515.06419 15.303 0.026  H
2457516.01437 15.319 0.037  H
2457516.05994 15.287 0.024  H
2457517.02648 15.257 0.028  H
2457517.07019 15.316 0.044  H
2457519.04052 15.355 0.055  H
2457519.08908 15.321 0.052  H
2457520.04695 15.294 0.034  H
2457520.09194 15.351 0.035  H
2457521.04627 15.346 0.030  H
2457521.08929 15.305 0.026  H
2457523.07433 15.322 0.026  H
2457524.03789 15.323 0.029  H
2457524.10099 15.356 0.033  H
2457525.02125 15.349 0.049  H
2457526.01470 15.368 0.034  H
2457526.05908 15.291 0.028  H
2457527.01937 15.351 0.041  H
2457527.06956 15.286 0.025  H
2457527.99401 15.320 0.036  H
2457528.03907 15.310 0.036  H
2457528.99654 15.290 0.027  H
2457529.04502 15.306 0.029  H
2457529.98569 15.315 0.032  H
2457530.04359 15.323 0.035  H
2457531.02172 15.280 0.029  H
2457531.06937 15.302 0.027  H
2457532.00593 15.327 0.027  H
2457532.05312 15.290 0.025  H
2457535.05234 15.300 0.029  H
2457536.02828 15.335 0.030  H
2457536.07713 15.320 0.026  H
2457537.99387 15.327 0.035  H
2457538.08735 15.346 0.030  H
2457539.01186 15.306 0.024  H
2457539.05557 15.310 0.027  H
2457539.96376 15.302 0.042  H
2457540.01138 15.301 0.035  H
2457540.98808 15.337 0.037  H
2457541.04499 15.323 0.030  H
2457541.96462 15.312 0.028  H
2457542.01102 15.322 0.027  H
2457542.06319 15.301 0.026  H
2457542.93836 15.274 0.040  H
2457542.98698 15.338 0.042  H
2457543.03922 15.301 0.033  H
2457543.97164 15.331 0.047  H
2457544.02097 15.318 0.057  H
2457544.06854 15.414 0.069  H
2457544.93927 15.313 0.031  H
2457544.98887 15.323 0.024  H
2457545.03308 15.779 0.195  H
2457545.95350 15.310 0.033  H
2457546.00264 15.342 0.024  H
2457546.05988 15.295 0.025  H
2457546.92462 15.345 0.039  H
2457546.97142 15.294 0.030  H
2457547.01589 15.295 0.033  H
2457547.96407 15.310 0.026  H
2457548.00808 15.317 0.025  H
2457548.05560 15.308 0.026  H
2457548.97035 15.294 0.026  H
2457549.01527 15.299 0.024  H
2457549.96286 15.331 0.025  H
2457550.01472 15.307 0.025  H
2457550.94987 15.330 0.024  H
2457550.99521 15.282 0.023  H
2457551.04521 15.300 0.036  H
2457554.96075 15.287 0.042  H
2457555.00727 15.293 0.038  H
2457555.05071 15.302 0.041  H
2457555.92163 15.333 0.025  H
2457555.96519 15.312 0.024  H
2457556.01827 15.369 0.083  H
2457558.93408 15.305 0.024  H
2457558.98056 15.309 0.026  H
2457559.02866 15.329 0.028  H
2457561.92968 15.314 0.027  H
2457561.97904 15.351 0.028  H
2457562.02798 15.303 0.030  H
2457562.88218 15.294 0.029  H
2457562.93078 15.320 0.027  H
2457562.97659 15.306 0.032  H
2457563.91732 15.325 0.029  H
2457563.96126 15.344 0.031  H
2457564.91427 15.311 0.025  H
2457564.95806 15.304 0.023  H
2457565.00842 15.294 0.024  H
2457567.97948 15.361 0.057  H
2457573.85723 15.340 0.026  H
2457573.90795 15.312 0.023  H
2457573.95453 15.331 0.034  H
2457574.86920 15.328 0.036  H
2457574.91630 15.301 0.037  H
2457574.96169 15.349 0.031  H
2457575.89911 14.904 0.093  H
2457575.95494 15.313 0.024  H
2457576.86996 15.327 0.029  H
2457576.91665 15.324 0.032  H
2457576.96562 15.306 0.033  H
2457577.84573 15.326 0.036  H
2457577.89224 15.360 0.046  H
2457577.93936 15.316 0.037  H
2457511.08931 13.915 0.134  H
2457545.03308 15.920 0.247  H
2458222.09665 15.279 0.023  H
2458234.13179 15.302 0.025  H
2458254.01224 15.327 0.038  H
2458255.02358 15.294 0.031  H
2458257.03802 15.314 0.030  H
2458259.03409 15.324 0.034  H
2458260.03185 15.283 0.045  H
2458261.00913 15.322 0.024  H
2458262.00485 15.304 0.034  H
2458263.98646 15.320 0.039  H
2458265.01945 15.310 0.034  H
2458266.02715 15.315 0.028  H
2458266.97211 15.306 0.082  H
2458271.99133 15.356 0.045  H
2458273.04085 15.312 0.036  H
2458273.98476 15.342 0.051  H
2458274.96543 15.330 0.059  H
2458279.94078 15.320 0.026  H
2458281.95562 15.311 0.041  H
2458282.94409 15.323 0.033  H
2458283.94819 15.315 0.047  H
2458284.96133 15.318 0.035  H
2458286.96522 15.307 0.036  H
2458291.93858 15.344 0.058  H
2458292.93494 15.276 0.039  H
2458293.90183 15.348 0.068  H
2458294.94311 15.318 0.027  H
2458298.91987 15.308 0.026  H
2458299.93218 15.300 0.042  H
2458300.95908 15.350 0.031  H
2458303.97833 15.286 0.038  H
2458304.94164 15.331 0.023  H
2458305.91333 15.336 0.028  H
2458308.90506 15.294 0.041  H
2458309.87893 15.280 0.031  H
2458310.90844 15.334 0.024  H
2458311.90943 15.303 0.047  H
2458315.90972 15.355 0.028  H
2458316.91564 15.332 0.065  H
2458319.92932 15.342 0.031  H
2458321.86773 15.340 0.030  H
2458327.87333 15.336 0.029  H
2458328.82434 15.309 0.044  H
2458330.81831 15.318 0.026  H
2458331.82290 15.300 0.047  H
2458333.82932 15.262 0.051  H
2458335.87644 15.353 0.045  H
2458336.80892 15.313 0.024  H
2458590.09155 15.283 0.024  H
2458591.10257 15.253 0.037  H
2458592.10077 15.280 0.042  H
2458593.09798 15.263 0.036  H
2458594.09682 15.253 0.037  H
2458595.09295 15.258 0.024  H
2458599.07848 15.270 0.029  H
2458600.07869 15.275 0.027  H
2458601.08240 15.297 0.030  H
2458605.07015 15.279 0.023  H
2458606.08129 15.278 0.026  H
2458607.06829 15.282 0.031  H
2458611.07082 15.311 0.032  H
2458612.08548 15.293 0.024  H
2458614.04957 15.271 0.027  H
2458615.03612 15.312 0.033  H
2458616.03698 15.274 0.027  H
2458617.02365 15.237 0.048  H
2458619.00952 15.326 0.031  H
2458620.03555 15.293 0.026  H
2458621.03597 15.282 0.029  H
2458622.03520 15.244 0.044  H
2458627.04531 15.278 0.034  H
2458628.02639 15.258 0.037  H
2458629.04485 15.266 0.028  H
2458630.01356 15.263 0.050  H
2458632.01122 15.298 0.025  H
2458632.98145 15.272 0.025  H
2458633.97509 15.224 0.073  H
2458634.99872 15.259 0.037  H
2458636.98234 15.281 0.032  H
2458637.96563 15.245 0.042  H
2458639.99881 15.170 0.060  H
2458641.99828 15.272 0.035  H
2458642.96516 15.287 0.029  H
2458643.98702 15.298 0.027  H
2458644.94980 15.279 0.042  H
2458646.95659 15.241 0.027  H
2458647.97736 15.284 0.028  H
2458648.96769 15.283 0.032  H
2458649.95333 15.268 0.039  H
2458653.94352 15.261 0.034  H
2458654.93806 15.308 0.028  H
2458659.93776 15.253 0.039  H
2458660.93228 15.266 0.028  H
2458664.88115 15.307 0.025  H
2458664.99981 15.305 0.026  H
2458665.89508 15.269 0.026  H
2458666.88377 15.291 0.028  H
2458666.99930 15.311 0.031  H
2458668.00253 15.292 0.028  H
2458668.89487 15.279 0.038  H
2458669.93183 15.279 0.029  H
2458671.90447 15.279 0.026  H
2458674.87585 15.245 0.040  H
2458675.84868 15.274 0.034  H
2458676.85390 15.279 0.026  H
2458680.91687 15.313 0.027  H
2458708.81018 15.254 0.037  H
2458709.81190 15.277 0.045  H
2458710.81040 15.104 0.053  H
2458711.87276 15.291 0.036  H
2458712.86905 15.282 0.106  H
2458714.80916 15.286 0.041  H
2458715.80577 15.287 0.060  H
2458717.85015 15.276 0.036  H
2458718.82216 15.272 0.054  H
2458719.81872 15.296 0.029  H
2458721.81635 15.250 0.037  H
2458724.81622 15.300 0.039  H
2458734.81914 15.300 0.052  H
2458736.78311 15.248 0.039  H
2458712.86905 16.545 0.445  H
