2457864.05388 16.322 0.102  H
2457865.04832 16.277 0.095  H
2457878.05143 16.289 0.172  H
2457879.01631 16.229 0.087  H
2457880.02292 16.270 0.088  H
2457881.02032 16.295 0.090  H
2457883.00160 16.164 0.144  H
2457884.01887 16.247 0.125  H
2457885.03465 16.285 0.093  H
2457886.02744 16.244 0.160  H
2457890.97879 16.312 0.167  H
2457891.97967 16.269 0.095  H
2457892.98260 16.338 0.143  H
2457894.96770 16.049 0.171  H
2457897.98396 16.275 0.100  H
2457899.99752 16.269 0.097  H
2457900.97544 16.273 0.113  H
2457901.99356 16.303 0.095  H
2457904.97914 16.256 0.104  H
2457905.95585 16.239 0.092  H
2457907.96391 16.283 0.159  H
2457909.94059 16.202 0.115  H
2457910.92477 16.183 0.095  H
2457911.96204 16.229 0.096  H
2457912.92750 16.263 0.126  H
2457916.94421 16.207 0.091  H
2457917.94133 16.279 0.105  H
2457918.92321 16.200 0.094  H
2457924.90390 16.095 0.145  H
2457926.88746 16.178 0.094  H
2457927.92083 16.195 0.074  H
2457928.89680 16.107 0.096  H
2457929.88414 16.161 0.084  H
2457931.93963 16.136 0.078  H
2457932.89054 16.033 0.119  H
2457933.86585 16.039 0.127  H
2457934.86435 16.058 0.081  H
2457936.89724 15.952 0.123  H
2457937.86134 16.033 0.083  H
2457939.86930 15.754 0.113  H
2457944.91302 15.537 0.061  H
2457945.89910 15.429 0.067  H
2457949.85485 15.361 0.056  H
2457950.84230 15.314 0.039  H
2457951.83612 15.277 0.038  H
2457953.89130 15.384 0.046  H
2457954.81369 15.514 0.046  H
2457955.83040 15.604 0.053  H
2457958.80693 15.806 0.063  H
2457959.81013 16.080 0.117  H
2457960.81792 15.970 0.088  H
2457961.80929 15.974 0.105  H
2457964.80720 16.028 0.077  H
2457965.79246 16.165 0.147  H
2457966.80016 16.001 0.115  H
2457970.80877 16.140 0.107  H
2457971.80176 16.229 0.121  H
2457972.79203 16.188 0.077  H
2457974.87458 15.959 0.166  H
2457976.80696 16.131 0.077  H
2457977.79206 16.214 0.098  H
2457978.78588 16.220 0.087  H
2457980.78578 16.187 0.093  H
2457981.79026 16.223 0.131  H
2457982.78887 16.131 0.176  H
2457983.78265 16.166 0.122  H
2457985.83936 16.165 0.098  H
2457985.84096 16.097 0.091  H
2457985.84298 16.090 0.096  H
2457988.78644 16.447 0.366  H
2457989.78613 16.313 0.123  H
2457990.78662 16.253 0.098  H
2457991.78777 16.149 0.131  H
2457992.79389 16.273 0.096  H
2457993.83400 16.266 0.117  H
2458222.06513 16.377 0.118  H
2458234.08858 16.368 0.106  H
2458253.98006 16.427 0.157  H
2458254.99156 16.274 0.120  H
2458257.00518 16.278 0.120  H
2458259.00218 16.180 0.124  H
2458259.99938 16.295 0.142  H
2458260.97395 16.232 0.095  H
2458261.97264 16.247 0.151  H
2458263.95524 16.205 0.103  H
2458264.98808 16.351 0.162  H
2458265.99020 16.258 0.115  H
2458266.94113 16.203 0.141  H
2458271.95737 16.249 0.148  H
2458273.95362 16.176 0.154  H
2458274.92833 16.366 0.263  H
2458279.90957 16.189 0.095  H
2458281.94063 16.157 0.161  H
2458282.90911 16.222 0.105  H
2458283.93304 16.221 0.125  H
2458284.94162 16.172 0.109  H
2458286.95000 16.228 0.141  H
2458291.90329 16.314 0.125  H
2458292.91991 16.261 0.149  H
2458294.90356 16.272 0.116  H
2458298.90480 16.273 0.094  H
2458299.91728 16.239 0.132  H
2458300.91676 16.277 0.109  H
2458303.94530 16.295 0.136  H
2458304.92489 16.265 0.086  H
2458305.86648 16.248 0.170  H
2458308.86962 16.272 0.116  H
2458309.84786 16.231 0.114  H
2458310.86921 16.167 0.089  H
2458311.87237 16.223 0.161  H
2458315.87632 16.293 0.098  H
2458316.88382 16.225 0.224  H
2458319.89733 16.330 0.125  H
2458321.83255 16.353 0.140  H
2458327.84228 16.234 0.086  H
2458328.79017 16.555 0.270  H
2458330.78116 16.247 0.144  H
2458333.79006 16.129 0.160  H
2458335.83969 16.200 0.107  H
2458336.77022 16.283 0.101  H
2458590.05558 16.257 0.087  H
2458591.06553 16.323 0.146  H
2458592.06979 16.318 0.251  H
2458593.06554 16.258 0.131  H
2458594.06490 16.270 0.128  H
2458595.06145 16.267 0.091  H
2458599.04630 16.324 0.121  H
2458600.04645 16.241 0.119  H
2458601.04118 16.202 0.125  H
2458605.03836 16.178 0.083  H
2458606.03932 16.270 0.147  H
2458607.03645 16.220 0.141  H
2458611.03457 16.221 0.118  H
2458612.04672 16.238 0.087  H
2458614.01600 16.287 0.119  H
2458615.00013 16.292 0.105  H
2458616.00159 16.265 0.097  H
2458616.99186 16.274 0.150  H
2458618.97790 16.256 0.108  H
2458619.99388 16.234 0.096  H
2458620.99796 16.269 0.156  H
2458621.99887 16.179 0.142  H
2458627.00938 16.220 0.097  H
2458627.98721 16.229 0.145  H
2458629.00552 16.259 0.125  H
2458629.97795 16.157 0.118  H
2458631.97865 16.189 0.094  H
2458632.94641 16.286 0.108  H
2458633.93850 16.278 0.134  H
2458634.95839 16.167 0.151  H
2458636.94409 16.224 0.110  H
2458637.93376 16.080 0.155  H
2458639.95899 16.198 0.102  H
2458641.96578 16.268 0.133  H
2458642.92298 16.483 0.282  H
2458643.95318 16.260 0.103  H
2458644.91357 16.308 0.137  H
2458646.91626 16.199 0.101  H
2458647.93858 16.182 0.099  H
2458648.92913 16.223 0.102  H
2458649.91753 16.202 0.140  H
2458653.90710 16.270 0.108  H
2458654.90617 16.266 0.123  H
2458657.00893 16.265 0.131  H
2458659.90132 16.132 0.233  H
2458660.89490 16.232 0.113  H
2458664.84555 16.247 0.101  H
2458664.96757 16.278 0.090  H
2458665.85463 16.221 0.147  H
2458666.84784 16.171 0.115  H
2458666.96704 16.234 0.103  H
2458667.97018 16.278 0.097  H
2458668.85745 16.352 0.153  H
2458669.89599 16.225 0.094  H
2458671.86826 16.180 0.094  H
2458674.83995 16.221 0.104  H
2458675.81608 16.245 0.169  H
2458676.82170 16.217 0.089  H
2458680.88471 16.272 0.111  H
2458708.77341 16.244 0.119  H
2458709.77658 16.124 0.191  H
2458710.77276 16.250 0.191  H
2458711.84067 16.103 0.105  H
2458713.86807 16.230 0.129  H
2458714.77071 16.381 0.270  H
2458715.77032 16.217 0.167  H
2458716.84118 16.253 0.149  H
2458717.81239 16.364 0.179  H
2458718.78339 16.269 0.136  H
2458719.78014 16.244 0.176  H
2458721.78136 16.248 0.119  H
2458722.82968 16.146 0.207  H
2458733.78871 16.369 0.413  H
2458734.77927 16.312 0.147  H
2458736.74661 16.201 0.155  H
