2457864.05120 16.644 0.121  H
2457865.04559 16.517 0.106  H
2457879.01360 16.645 0.217  H
2457880.02022 16.500 0.090  H
2457881.01392 16.793 0.175  H
2457882.99890 16.920 0.273  H
2457884.01618 16.563 0.118  H
2457885.03176 16.571 0.106  H
2457886.02473 17.030 0.292  H
2457890.97608 16.734 0.229  H
2457892.97991 16.828 0.219  H
2457894.96499 16.553 0.123  H
2457897.98128 16.659 0.140  H
2457899.99483 16.605 0.117  H
2457900.97275 16.669 0.160  H
2457901.99087 16.596 0.111  H
2457904.97644 16.602 0.116  H
2457905.95317 16.484 0.091  H
2457907.96122 16.722 0.179  H
2457909.93789 16.718 0.165  H
2457910.92209 16.540 0.111  H
2457911.95935 16.479 0.105  H
2457912.92480 16.606 0.143  H
2457916.94140 16.450 0.091  H
2457917.93865 16.738 0.203  H
2457918.92053 16.509 0.114  H
2457924.90123 16.657 0.205  H
2457926.88476 16.521 0.111  H
2457928.89411 16.577 0.140  H
2457929.88149 16.424 0.095  H
2457931.93318 16.330 0.076  H
2457932.88787 16.580 0.190  H
2457933.86317 16.590 0.214  H
2457934.86166 16.452 0.098  H
2457936.89459 16.444 0.113  H
2457937.85861 16.375 0.118  H
2457939.86660 16.604 0.227  H
2457944.91034 16.454 0.170  H
2457945.89642 16.145 0.075  H
2457948.83313 16.353 0.172  H
2457949.85219 16.236 0.097  H
2457950.83963 16.071 0.067  H
2457953.88864 16.019 0.071  H
2457954.81102 16.005 0.063  H
2457955.82772 15.967 0.064  H
2457958.80427 15.898 0.059  H
2457959.80458 16.112 0.112  H
2457960.81528 15.952 0.074  H
2457961.80664 15.941 0.082  H
2457965.78913 15.659 0.115  H
2457966.79716 15.686 0.062  H
2457970.80612 15.325 0.037  H
2457971.79814 15.300 0.039  H
2457972.78939 15.136 0.029  H
2457974.87192 14.105 0.040  H
2457976.79696 14.031 0.014  H
2457977.78940 13.976 0.016  H
2457978.78322 13.770 0.013  H
2457980.78309 13.017 0.011  H
2457981.78758 14.721 0.033  H
2457982.78620 14.699 0.032  H
2457983.78000 14.756 0.029  H
2457985.83334 14.914 0.029  H
2457988.78379 15.201 0.044  H
2457990.78395 15.347 0.047  H
2457993.83132 15.640 0.060  H
2457487.10428 16.688 0.113  H
2457487.14912 16.938 0.172  H
2457488.07983 16.750 0.117  H
2457488.12592 17.001 0.204  H
2457489.08309 16.712 0.131  H
2457489.13868 16.748 0.123  H
2457490.08862 16.853 0.138  H
2457490.13867 16.983 0.199  H
2457491.09782 16.831 0.142  H
2457491.14234 17.261 0.359  H
2457492.13852 17.252 0.350  H
2457494.07449 16.806 0.151  H
2457494.11903 16.907 0.163  H
2457495.07707 16.839 0.152  H
2457495.12796 16.769 0.132  H
2457497.12930 17.288 0.370  H
2457498.04768 17.108 0.236  H
2457498.09303 16.872 0.149  H
2457500.05973 17.143 0.271  H
2457500.10577 17.048 0.246  H
2457501.04155 17.282 0.343  H
2457501.08666 17.301 0.332  H
2457502.09774 17.110 0.269  H
2457503.04799 17.043 0.256  H
2457503.09301 16.882 0.150  H
2457507.04801 17.054 0.214  H
2457507.09903 16.912 0.163  H
2457508.06090 16.965 0.197  H
2457508.10545 17.128 0.286  H
2457509.05174 16.879 0.157  H
2457509.10353 16.819 0.136  H
2457510.02295 17.023 0.193  H
2457510.12889 16.986 0.204  H
2457511.03345 16.910 0.184  H
2457511.08260 17.180 0.362  H
2457512.04169 16.904 0.166  H
2457512.09020 17.264 0.324  H
2457513.01894 16.914 0.183  H
2457513.06693 16.810 0.136  H
2457515.01180 17.197 0.275  H
2457515.05725 16.805 0.143  H
2457516.05323 16.838 0.155  H
2457517.01982 16.991 0.197  H
2457517.06334 17.306 0.410  H
2457520.03938 16.922 0.210  H
2457520.08476 16.858 0.172  H
2457521.03936 17.023 0.229  H
2457521.08256 16.879 0.161  H
2457523.05643 16.904 0.172  H
2457524.03091 16.987 0.205  H
2457525.01455 17.281 0.374  H
2457526.00803 17.037 0.213  H
2457526.05207 17.072 0.225  H
2457527.01213 16.492 0.140  H
2457527.06285 16.866 0.152  H
2457528.03230 17.133 0.270  H
2457528.98985 16.950 0.172  H
2457529.03788 17.012 0.191  H
2457529.97902 16.925 0.227  H
2457530.03610 17.126 0.263  H
2457531.01452 16.895 0.182  H
2457531.06218 16.859 0.155  H
2457531.99925 16.906 0.174  H
2457532.04640 16.855 0.154  H
2457535.04553 16.982 0.181  H
2457536.02152 16.973 0.201  H
2457536.07022 16.735 0.164  H
2457537.98699 17.190 0.290  H
2457538.08035 16.973 0.192  H
2457539.00495 16.809 0.138  H
2457539.04873 16.982 0.190  H
2457539.95620 16.996 0.223  H
2457540.00466 17.012 0.315  H
2457541.03795 17.149 0.322  H
2457541.95727 16.962 0.168  H
2457542.00387 17.106 0.241  H
2457542.05598 16.855 0.161  H
2457543.03249 17.070 0.242  H
2457543.96495 17.047 0.287  H
2457544.01425 17.097 0.221  H
2457544.06171 17.151 0.381  H
2457544.93261 17.080 0.261  H
2457544.98216 16.967 0.182  H
2457545.02612 17.056 0.303  H
2457545.94683 17.103 0.272  H
2457545.99593 16.873 0.153  H
2457546.05259 16.820 0.161  H
2457546.91791 17.214 0.287  H
2457546.96465 17.093 0.273  H
2457547.00918 17.015 0.188  H
2457547.95737 16.714 0.126  H
2457548.00136 17.000 0.175  H
2457548.04809 17.046 0.205  H
2457548.96363 16.949 0.180  H
2457549.00833 17.103 0.233  H
2457549.95315 16.809 0.141  H
2457550.00782 16.927 0.158  H
2457550.05275 17.034 0.214  H
2457550.94322 16.835 0.154  H
2457550.98842 16.827 0.146  H
2457551.03792 16.964 0.203  H
2457555.00059 17.014 0.218  H
2457555.04403 17.205 0.365  H
2457555.91464 16.926 0.164  H
2457555.95810 16.815 0.145  H
2457556.01025 16.668 0.247  H
2457558.92734 16.828 0.131  H
2457558.97388 16.904 0.181  H
2457559.02176 17.149 0.312  H
2457561.92246 16.942 0.225  H
2457561.97237 17.022 0.216  H
2457562.02117 17.123 0.246  H
2457562.87549 17.211 0.310  H
2457562.92382 17.057 0.225  H
2457562.96927 17.304 0.369  H
2457563.91066 16.914 0.167  H
2457563.95457 17.280 0.343  H
2457564.90742 16.879 0.169  H
2457564.95121 16.885 0.152  H
2457565.00137 16.843 0.155  H
2457567.96508 17.062 0.261  H
2457573.85059 16.940 0.165  H
2457573.90055 17.119 0.283  H
2457573.94790 16.990 0.225  H
2457574.86254 16.936 0.174  H
2457574.90963 17.223 0.329  H
2457574.95482 17.041 0.271  H
2457575.89173 16.757 0.128  H
2457575.94829 16.747 0.123  H
2457576.86303 16.915 0.191  H
2457576.90995 17.235 0.302  H
2457576.95877 17.180 0.309  H
2457577.83908 17.229 0.335  H
2457511.03345 17.854 0.438  H
2458222.06241 16.747 0.154  H
2458234.08587 16.719 0.153  H
2458253.97730 16.693 0.167  H
2458254.98884 16.678 0.134  H
2458257.00248 16.763 0.177  H
2458258.99943 16.912 0.201  H
2458259.99666 16.735 0.157  H
2458260.97119 16.574 0.100  H
2458261.96990 16.828 0.203  H
2458263.95253 16.744 0.139  H
2458264.98477 16.790 0.169  H
2458265.98750 16.768 0.162  H
2458266.93843 16.805 0.208  H
2458271.95465 16.977 0.258  H
2458272.99974 16.812 0.246  H
2458273.95096 16.986 0.301  H
2458279.90688 16.730 0.141  H
2458281.93787 16.936 0.203  H
2458282.90590 16.790 0.158  H
2458283.92655 16.851 0.190  H
2458284.93890 16.922 0.177  H
2458286.94645 16.764 0.186  H
2458291.90061 16.875 0.227  H
2458292.91719 17.001 0.263  H
2458294.90090 16.849 0.172  H
2458298.90207 16.632 0.107  H
2458300.91406 16.655 0.116  H
2458303.94257 16.722 0.149  H
2458304.92220 16.618 0.101  H
2458305.86384 16.984 0.262  H
2458308.86696 16.835 0.162  H
2458309.84519 16.756 0.147  H
2458310.86653 16.693 0.116  H
2458311.86965 16.785 0.218  H
2458315.87363 16.678 0.123  H
2458319.89466 16.793 0.162  H
2458321.82989 16.846 0.187  H
2458327.83961 16.634 0.104  H
2458328.78750 17.114 0.342  H
2458330.77851 17.008 0.252  H
2458333.78738 16.949 0.302  H
2458335.83703 16.667 0.186  H
2458336.76753 16.716 0.123  H
2458591.06281 16.930 0.241  H
2458592.06709 17.051 0.294  H
2458593.06279 16.839 0.220  H
2458594.06214 16.760 0.148  H
2458595.05867 16.654 0.129  H
2458599.04351 16.799 0.165  H
2458600.04371 16.722 0.142  H
2458601.03844 16.942 0.218  H
2458605.03541 16.604 0.126  H
2458606.03657 16.816 0.223  H
2458607.02196 16.843 0.195  H
2458611.03178 16.744 0.155  H
2458612.04389 16.578 0.109  H
2458614.01323 16.785 0.175  H
2458614.99739 16.657 0.121  H
2458615.99883 16.710 0.121  H
2458616.98911 16.985 0.264  H
2458618.97514 16.794 0.157  H
2458619.99113 16.726 0.137  H
2458620.99522 16.874 0.191  H
2458621.99611 16.983 0.271  H
2458627.00662 16.626 0.113  H
2458627.98441 17.008 0.290  H
2458629.00272 16.849 0.236  H
2458629.97521 16.901 0.235  H
2458631.97590 16.789 0.131  H
2458632.94363 16.747 0.140  H
2458633.93574 16.848 0.191  H
2458634.95566 17.076 0.343  H
2458636.94135 16.714 0.137  H
2458637.93100 16.843 0.276  H
2458639.95620 16.665 0.116  H
2458641.96299 16.805 0.164  H
2458642.92025 16.904 0.242  H
2458643.95042 16.700 0.136  H
2458644.91083 16.852 0.185  H
2458646.91350 16.758 0.140  H
2458647.93580 16.636 0.125  H
2458648.92639 16.650 0.127  H
2458649.91478 16.934 0.236  H
2458653.90436 16.792 0.163  H
2458654.90344 16.716 0.136  H
2458657.00619 16.796 0.167  H
2458660.89219 16.653 0.125  H
2458664.84282 16.828 0.150  H
2458664.96483 16.594 0.104  H
2458665.85190 17.034 0.280  H
2458666.84511 16.712 0.145  H
2458666.96416 16.649 0.141  H
2458667.96745 16.539 0.100  H
2458668.85473 16.908 0.206  H
2458669.89326 16.690 0.143  H
2458671.86553 16.683 0.127  H
2458674.83723 16.929 0.260  H
2458675.81335 16.895 0.285  H
2458676.81896 16.661 0.114  H
2458680.88199 16.732 0.145  H
2458708.77069 16.748 0.166  H
2458709.77387 16.931 0.351  H
2458710.76999 16.911 0.227  H
2458711.83543 16.762 0.154  H
2458711.83792 16.654 0.118  H
2458713.86536 17.101 0.372  H
2458715.76762 16.931 0.239  H
2458716.83846 17.048 0.307  H
2458717.80964 16.990 0.286  H
2458718.78067 16.787 0.175  H
2458719.77742 16.949 0.256  H
2458721.77865 16.659 0.162  H
2458734.77654 16.949 0.247  H
2458736.74390 16.788 0.188  H
2457882.05458 16.152 0.119  K
2457887.07602 16.230 0.192  K
2457894.02246 16.066 0.097  K
2457903.96057 16.337 0.182  K
2457920.98506 16.033 0.105  K
2457925.94877 16.037 0.095  K
2457930.88942 16.124 0.147  K
2457935.91975 15.985 0.135  K
2457947.92853 15.955 0.150  K
2457957.81059 15.834 0.189  K
2457967.84171 15.061 0.036  K
2457979.83073 13.116 0.012  K
2458257.97991 16.569 0.327  K
2458263.04339 16.395 0.171  K
2458275.99205 16.374 0.182  K
2458285.92058 16.506 0.224  K
2458290.94476 16.235 0.129  K
2458307.94458 16.271 0.145  K
2458312.83988 16.413 0.188  K
2458329.85369 16.400 0.162  K
2458613.03408 16.306 0.156  K
2458618.04402 16.568 0.290  K
2458623.05057 16.310 0.157  K
2458631.00622 16.259 0.134  K
2458635.99418 16.701 0.337  K
2458645.96372 16.689 0.373  K
2458662.98303 16.720 0.304  K
2458667.83983 16.363 0.156  K
2458677.90318 16.781 0.432  K
