2458590.09960 14.173 0.015  H
2458591.11065 14.203 0.022  H
2458592.10927 14.201 0.022  H
2458593.10630 14.155 0.019  H
2458594.10506 14.161 0.020  H
2458595.10129 14.163 0.016  H
2458599.09276 14.186 0.015  H
2458600.09387 14.178 0.017  H
2458601.09328 14.170 0.017  H
2458605.07835 14.163 0.015  H
2458606.08948 14.144 0.016  H
2458607.07657 14.163 0.018  H
2458611.07938 14.159 0.017  H
2458612.09422 14.162 0.014  H
2458614.05834 14.179 0.017  H
2458615.04434 14.165 0.018  H
2458616.04519 14.145 0.019  H
2458617.03187 14.170 0.022  H
2458619.02242 14.164 0.017  H
2458620.04381 14.166 0.016  H
2458621.04415 14.162 0.016  H
2458622.04339 14.173 0.021  H
2458627.05399 14.198 0.017  H
2458628.03516 14.190 0.021  H
2458629.05354 14.183 0.019  H
2458630.02211 14.215 0.024  H
2458632.01949 14.149 0.015  H
2458632.99008 14.169 0.016  H
2458633.98360 14.196 0.024  H
2458635.00697 14.168 0.021  H
2458636.99064 14.169 0.016  H
2458637.97382 14.170 0.019  H
2458640.02689 14.145 0.020  H
2458642.00666 14.157 0.019  H
2458642.97339 14.159 0.018  H
2458643.99523 14.149 0.018  H
2458644.95801 14.170 0.023  H
2458646.96485 14.134 0.016  H
2458647.98565 14.134 0.015  H
2458648.97596 14.150 0.016  H
2458649.96182 14.155 0.020  H
2458653.95221 14.057 0.021  H
2458654.95181 14.091 0.016  H
2458659.94602 13.886 0.018  H
2458660.94071 13.829 0.014  H
2458664.88935 13.377 0.011  H
2458665.00805 13.404 0.012  H
2458665.90342 13.531 0.013  H
2458666.89197 12.584 0.010  H
2458668.90306 12.911 0.011  H
2458669.94002 12.849 0.011  H
2458671.91284 12.313 0.010  H
2458674.88443 13.140 0.014  H
2458675.85690 13.325 0.013  H
2458676.86597 13.533 0.012  H
2458680.92915 13.882 0.014  H
2458708.82553 14.177 0.019  H
2458709.82013 14.209 0.025  H
2458710.81866 14.214 0.024  H
2458714.81757 14.175 0.020  H
2458715.81415 14.254 0.029  H
2458717.85914 14.176 0.021  H
2458718.83041 14.195 0.021  H
2458719.82699 14.154 0.017  H
2458721.82461 14.195 0.018  H
2458724.82452 14.181 0.019  H
2458736.79137 14.192 0.018  H
2457864.09556 14.162 0.014  H
2457865.08722 14.169 0.015  H
2457878.09095 14.153 0.021  H
2457879.06326 14.156 0.014  H
2457880.07027 14.181 0.014  H
2457881.06006 14.126 0.014  H
2457883.04472 14.172 0.019  H
2457884.06556 14.167 0.014  H
2457885.07665 14.155 0.015  H
2457886.07388 14.183 0.022  H
2457891.02034 14.165 0.014  H
2457892.02520 14.172 0.015  H
2457893.03010 14.146 0.018  H
2457895.06073 14.206 0.015  H
2457898.02290 14.155 0.016  H
2457900.04378 14.178 0.015  H
2457901.01918 14.170 0.016  H
2457902.04274 14.179 0.015  H
2457905.02412 14.181 0.016  H
2457906.00591 14.162 0.014  H
2457908.01191 14.185 0.019  H
2457909.98624 14.218 0.018  H
2457910.97582 14.157 0.015  H
2457912.00322 14.179 0.019  H
2457912.96672 14.182 0.019  H
2457916.98435 14.179 0.015  H
2457917.98118 14.186 0.015  H
2457918.96731 14.190 0.017  H
2457924.94551 14.184 0.018  H
2457926.92694 14.159 0.016  H
2457927.96359 14.171 0.014  H
2457928.94252 14.188 0.015  H
2457929.93702 14.191 0.014  H
2457932.93356 14.200 0.022  H
2457933.91053 14.189 0.016  H
2457934.90388 14.165 0.015  H
2457936.94052 14.171 0.015  H
2457937.90971 14.165 0.015  H
2457939.91297 14.165 0.025  H
2457945.94169 14.168 0.015  H
2457948.88223 14.200 0.022  H
2457949.89655 14.172 0.017  H
2457950.88465 14.185 0.016  H
2457951.87792 14.162 0.015  H
2457953.93225 14.172 0.015  H
2457954.85329 14.178 0.015  H
2457955.86982 14.185 0.022  H
2457958.85079 14.155 0.014  H
2457959.85051 14.182 0.019  H
2457960.86079 14.167 0.014  H
2457961.85563 14.162 0.019  H
2457964.85047 14.186 0.015  H
2457965.84321 14.180 0.025  H
2457966.83979 14.191 0.015  H
2457970.85128 14.191 0.020  H
2457971.84750 14.182 0.018  H
2457974.87600 14.172 0.022  H
2457976.85058 14.174 0.014  H
2457977.83670 14.178 0.014  H
2457978.83334 14.159 0.015  H
2457980.83046 14.196 0.017  H
2457981.82945 14.194 0.019  H
2457982.83346 14.209 0.022  H
2457983.82224 14.178 0.018  H
2457988.78788 14.176 0.020  H
2457989.78758 14.178 0.018  H
2457990.78806 14.200 0.016  H
2457991.78922 14.205 0.020  H
2457992.79533 14.178 0.015  H
2457993.83542 14.196 0.018  H
2458222.10550 14.179 0.014  H
2458234.13988 14.188 0.016  H
2458254.03387 14.174 0.017  H
2458255.03178 14.151 0.019  H
2458257.04646 14.174 0.020  H
2458259.04230 14.168 0.018  H
2458260.04006 14.220 0.023  H
2458261.01747 14.153 0.014  H
2458262.01314 14.182 0.017  H
2458263.99474 14.109 0.028  H
2458265.02753 14.160 0.021  H
2458266.03772 14.182 0.017  H
2458266.98014 14.184 0.021  H
2458272.01045 14.186 0.020  H
2458273.04911 14.176 0.021  H
2458273.99350 14.181 0.024  H
2458274.97419 14.206 0.026  H
2458279.95554 14.168 0.016  H
2458281.94199 14.156 0.019  H
2458282.95231 14.167 0.017  H
2458283.93441 14.168 0.017  H
2458284.94792 14.185 0.017  H
2458286.95138 14.191 0.019  H
2458291.94701 14.194 0.022  H
2458292.92131 14.190 0.019  H
2458294.95188 14.196 0.016  H
2458298.90619 14.180 0.015  H
2458299.91865 14.183 0.018  H
2458300.96713 14.185 0.018  H
2458303.98651 14.176 0.018  H
2458304.92628 14.177 0.015  H
2458305.92152 14.210 0.015  H
2458308.91316 14.200 0.020  H
2458309.89391 14.194 0.016  H
2458310.91652 14.177 0.015  H
2458311.91766 14.168 0.017  H
2458315.91777 14.199 0.016  H
2458316.92371 14.235 0.029  H
2458319.93741 14.179 0.026  H
2458321.87581 14.191 0.016  H
2458327.88743 14.197 0.015  H
2458328.83294 14.197 0.022  H
2458330.82637 14.180 0.018  H
2458331.83323 14.190 0.022  H
2458333.83739 14.188 0.022  H
2458335.88453 14.178 0.019  H
2458336.81699 14.194 0.015  H
