2458590.04184 15.129 0.030  K
2458590.07095 15.158 0.032  K
2458590.11882 15.115 0.035  K
2458591.05334 15.179 0.057  K
2458591.08090 15.149 0.044  K
2458591.13503 15.172 0.051  K
2458592.05758 15.161 0.090  K
2458592.12858 15.428 0.110  K
2458593.05311 15.202 0.068  K
2458593.08152 15.159 0.057  K
2458593.12586 15.291 0.059  K
2458594.05250 15.129 0.036  K
2458594.08041 15.334 0.085  K
2458594.12460 15.143 0.040  K
2458595.04904 15.102 0.032  K
2458595.12090 15.150 0.041  K
2458599.03369 15.121 0.041  K
2458599.06182 15.066 0.047  K
2458599.11321 15.134 0.036  K
2458600.03408 15.131 0.041  K
2458600.06180 15.138 0.042  K
2458600.11341 15.124 0.037  K
2458601.02878 15.175 0.060  K
2458601.11284 15.129 0.043  K
2458605.02349 15.097 0.029  K
2458605.05371 15.088 0.028  K
2458605.09784 15.089 0.032  K
2458606.02689 15.098 0.039  K
2458606.06062 15.102 0.034  K
2458606.10897 15.092 0.059  K
2458607.01229 15.124 0.046  K
2458607.10159 15.088 0.036  K
2458611.02189 15.098 0.041  K
2458611.05019 15.151 0.048  K
2458611.09915 15.142 0.049  K
2458612.03398 15.067 0.031  K
2458612.06252 15.033 0.029  K
2458612.11442 15.058 0.033  K
2458613.02449 15.075 0.039  K
2458613.11028 15.083 0.037  K
2458614.00352 15.029 0.035  K
2458614.03191 15.081 0.038  K
2458614.08128 15.080 0.036  K
2458614.98754 15.030 0.035  K
2458615.01595 15.073 0.037  K
2458615.06394 15.090 0.051  K
2458615.98889 15.028 0.031  K
2458616.06488 15.058 0.037  K
2458616.97942 15.037 0.041  K
2458617.00717 15.120 0.067  K
2458617.05666 15.060 0.047  K
2458618.02362 15.134 0.076  K
2458618.02495 15.163 0.064  K
2458618.02629 15.165 0.075  K
2458618.96547 15.032 0.038  K
2458619.04187 15.033 0.036  K
2458619.98140 15.060 0.033  K
2458620.00923 15.055 0.035  K
2458620.06324 15.009 0.033  K
2458620.98516 15.037 0.046  K
2458621.01333 15.049 0.041  K
2458621.06377 15.065 0.036  K
2458621.98554 15.053 0.051  K
2458622.07061 15.091 0.075  K
2458623.02083 15.149 0.056  K
2458623.03171 15.032 0.041  K
2458623.03303 15.026 0.039  K
2458626.99658 14.966 0.032  K
2458627.02498 14.971 0.032  K
2458627.07420 14.970 0.035  K
2458627.97439 14.981 0.040  K
2458628.00295 15.008 0.053  K
2458628.05501 15.035 0.048  K
2458628.99281 15.002 0.041  K
2458629.07356 14.993 0.045  K
2458629.96529 15.023 0.053  K
2458629.99334 15.008 0.052  K
2458630.04196 15.043 0.072  K
2458630.98304 14.932 0.027  K
2458630.98437 14.923 0.028  K
2458630.98570 14.935 0.029  K
2458631.96602 14.946 0.029  K
2458632.04660 14.954 0.033  K
2458632.93356 14.900 0.029  K
2458632.96367 14.945 0.032  K
2458633.00984 14.915 0.030  K
2458633.92567 14.975 0.043  K
2458633.95492 15.177 0.116  K
2458634.00307 14.921 0.052  K
2458634.94583 14.946 0.053  K
2458635.02642 15.084 0.068  K
2458635.97244 14.937 0.033  K
2458635.97377 14.924 0.032  K
2458635.97509 14.945 0.032  K
2458636.93126 14.920 0.032  K
2458636.95947 14.863 0.032  K
2458637.01012 14.909 0.029  K
2458637.91735 14.999 0.065  K
2458637.99326 14.871 0.034  K
2458639.94580 14.846 0.029  K
2458639.97465 14.916 0.046  K
2458640.04636 14.876 0.031  K
2458641.95301 14.900 0.044  K
2458641.98135 14.890 0.035  K
2458642.91009 14.889 0.050  K
2458642.94853 14.874 0.039  K
2458642.99289 14.852 0.039  K
2458644.01457 14.820 0.028  K
2458644.90022 14.847 0.031  K
2458644.92880 14.834 0.034  K
2458644.97733 14.833 0.038  K
2458645.93961 14.819 0.032  K
2458645.94102 14.931 0.035  K
2458645.94233 14.816 0.037  K
2458646.90365 14.778 0.026  K
2458646.98437 14.764 0.030  K
2458647.92594 14.787 0.026  K
2458647.95403 14.784 0.032  K
2458648.00517 14.803 0.032  K
2458648.91653 14.755 0.026  K
2458648.94453 14.765 0.028  K
2458648.99548 14.744 0.024  K
2458649.90447 14.831 0.051  K
2458649.98119 14.747 0.033  K
2458653.89458 14.724 0.033  K
2458653.92233 14.689 0.029  K
2458654.89363 14.708 0.027  K
2458654.92142 14.705 0.026  K
2458654.97121 14.704 0.024  K
2458655.90152 14.818 0.054  K
2458656.89426 14.736 0.035  K
2458659.88877 14.760 0.046  K
2458659.91653 14.828 0.049  K
2458659.96533 14.979 0.095  K
2458660.88239 14.713 0.040  K
2458660.91565 14.717 0.029  K
2458660.96004 14.655 0.034  K
2458662.96224 14.716 0.030  K
2458662.96357 14.698 0.034  K
2458662.96489 14.749 0.036  K
2458664.83258 14.697 0.027  K
2458664.90859 14.680 0.024  K
2458664.95500 14.657 0.021  K
2458664.98279 14.678 0.024  K
2458665.84169 14.679 0.031  K
2458665.86983 14.758 0.041  K
2458665.92288 14.688 0.026  K
2458666.83498 14.679 0.027  K
2458666.86305 14.641 0.023  K
2458666.91129 14.717 0.027  K
2458666.95429 14.673 0.023  K
2458666.98224 14.669 0.025  K
2458667.82989 14.682 0.028  K
2458667.91436 14.681 0.025  K
2458667.95752 14.699 0.023  K
2458667.98582 14.690 0.024  K
2458668.84470 14.681 0.033  K
2458668.87285 14.697 0.035  K
2458668.92232 14.756 0.041  K
2458669.88341 14.722 0.027  K
2458669.91163 14.674 0.023  K
2458669.95924 14.686 0.026  K
2458671.85570 14.671 0.028  K
2458671.88347 14.711 0.030  K
2458671.93211 14.728 0.024  K
2458672.90173 13.681 0.034  K
2458672.90308 13.700 0.032  K
2458672.90441 13.570 0.028  K
2458674.82735 13.889 0.017  K
2458674.85916 13.912 0.018  K
2458674.95240 13.909 0.020  K
2458675.79971 13.975 0.026  K
2458675.83197 13.964 0.021  K
2458675.88408 13.940 0.017  K
2458676.80906 13.921 0.015  K
2458676.88523 13.910 0.016  K
2458677.87953 13.991 0.035  K
2458677.88086 13.928 0.026  K
2458677.88226 13.952 0.028  K
2458680.87203 13.462 0.013  K
2458680.90014 13.434 0.013  K
2458680.94876 13.412 0.014  K
2458708.79333 15.013 0.043  K
2458708.86134 14.987 0.042  K
2458709.76368 15.097 0.072  K
2458709.79209 15.084 0.076  K
2458709.83927 15.079 0.054  K
2458710.79348 15.021 0.038  K
2458710.84488 15.096 0.046  K
2458711.82284 15.002 0.035  K
2458711.85584 15.024 0.043  K
2458712.79594 15.386 0.133  K
2458713.85540 15.161 0.063  K
2458714.75129 15.113 0.070  K
2458714.78690 15.073 0.057  K
2458715.75119 15.101 0.071  K
2458715.78574 15.138 0.084  K
2458715.83732 15.119 0.071  K
2458716.82846 15.084 0.045  K
2458717.79952 15.205 0.085  K
2458717.83328 15.163 0.052  K
2458718.77063 15.079 0.042  K
2458718.80509 15.185 0.088  K
2458718.84959 15.050 0.046  K
2458719.76743 15.099 0.045  K
2458719.80150 15.121 0.055  K
2458719.84616 15.225 0.066  K
2458721.76482 15.422 0.130  K
2458721.79947 15.177 0.083  K
2458721.84504 15.054 0.063  K
2458722.81681 15.339 0.094  K
2458724.76523 15.285 0.106  K
2458724.79932 15.237 0.057  K
2458733.77585 15.293 0.108  K
2458734.76652 15.256 0.094  K
2458734.80228 15.330 0.101  K
2458736.73390 15.200 0.060  K
2458736.76576 15.140 0.057  K
2457864.03006 15.188 0.036  K
2457864.06899 15.252 0.045  K
2457864.11477 15.210 0.036  K
2457865.02469 15.187 0.036  K
2457865.10643 15.239 0.085  K
2457878.02215 15.166 0.040  K
2457878.06661 15.290 0.099  K
2457878.11031 15.266 0.044  K
2457878.99157 15.203 0.045  K
2457879.03132 15.162 0.034  K
2457879.08248 15.155 0.029  K
2457879.99935 15.205 0.034  K
2457880.08952 15.170 0.035  K
2457880.99278 15.183 0.034  K
2457881.03541 15.189 0.032  K
2457881.07924 15.186 0.028  K
2457882.02396 15.153 0.035  K
2457882.02526 15.179 0.037  K
2457882.02656 15.183 0.036  K
2457882.97845 15.237 0.055  K
2457883.06395 15.207 0.056  K
2457883.99450 15.194 0.036  K
2457884.03426 15.200 0.036  K
2457884.08544 15.176 0.031  K
2457885.01040 15.205 0.032  K
2457885.05052 15.179 0.040  K
2457885.10054 15.209 0.041  K
2457886.00352 15.220 0.049  K
2457886.09358 15.535 0.157  K
2457887.02863 15.287 0.084  K
2457887.02994 15.283 0.069  K
2457887.03125 15.290 0.081  K
2457890.95437 15.190 0.036  K
2457890.99599 15.197 0.036  K
2457891.95611 15.181 0.033  K
2457892.04447 15.178 0.029  K
2457892.95915 15.207 0.051  K
2457892.99772 15.217 0.045  K
2457893.04930 15.244 0.061  K
2457893.98860 15.197 0.041  K
2457893.98990 15.186 0.040  K
2457893.99119 15.184 0.039  K
2457894.94400 15.150 0.036  K
2457895.07991 15.198 0.034  K
2457897.96098 15.118 0.071  K
2457898.04283 15.178 0.037  K
2457899.02928 15.183 0.034  K
2457899.03058 15.163 0.033  K
2457899.03189 15.186 0.032  K
2457899.97398 15.190 0.037  K
2457900.01309 15.210 0.037  K
2457900.06295 15.178 0.042  K
2457900.95201 15.205 0.041  K
2457901.03886 15.220 0.047  K
2457901.96133 15.191 0.035  K
2457902.00874 15.172 0.038  K
2457902.06214 15.165 0.034  K
2457902.95137 15.211 0.042  K
2457903.93379 15.227 0.046  K
2457904.03121 15.187 0.035  K
2457904.95559 15.180 0.034  K
2457904.99420 15.178 0.040  K
2457905.04333 15.163 0.034  K
2457905.93237 15.224 0.036  K
2457905.97090 15.198 0.036  K
2457906.02513 15.182 0.029  K
2457907.94049 15.256 0.046  K
2457907.97895 15.189 0.037  K
2457908.03101 15.271 0.045  K
2457909.91747 15.207 0.045  K
2457910.00562 15.203 0.053  K
2457910.90118 15.171 0.040  K
2457910.93980 15.182 0.038  K
2457910.99492 15.182 0.040  K
2457911.93847 15.192 0.032  K
2457911.97705 15.203 0.039  K
2457912.90437 15.158 0.046  K
2457912.98579 15.185 0.075  K
2457916.91558 15.179 0.029  K
2457916.95992 15.188 0.035  K
2457917.00975 15.166 0.036  K
2457917.91280 15.204 0.038  K
2457917.95659 15.196 0.038  K
2457918.00442 15.209 0.038  K
2457918.90015 15.182 0.036  K
2457918.98649 15.205 0.040  K
2457920.94611 15.194 0.037  K
2457920.94741 15.202 0.040  K
2457920.94870 15.193 0.040  K
2457924.88091 15.247 0.052  K
2457924.96453 15.230 0.048  K
2457925.91381 15.172 0.037  K
2457925.91511 15.189 0.041  K
2457925.92043 15.188 0.030  K
2457926.86391 15.210 0.043  K
2457926.90253 15.208 0.043  K
2457926.95213 15.169 0.032  K
2457927.89701 15.167 0.030  K
2457927.98313 15.181 0.032  K
2457928.86918 15.240 0.053  K
2457928.91177 15.231 0.045  K
2457928.96265 15.178 0.034  K
2457929.86067 15.228 0.039  K
2457929.90598 15.201 0.036  K
2457929.95602 15.198 0.036  K
2457930.86876 15.203 0.039  K
2457930.95521 15.194 0.040  K
2457931.91217 15.163 0.031  K
2457931.95466 15.199 0.039  K
2457932.86073 15.247 0.087  K
2457932.90551 15.281 0.062  K
2457932.95344 15.292 0.080  K
2457933.84265 15.261 0.088  K
2457933.92954 15.226 0.049  K
2457934.84078 15.225 0.039  K
2457934.87926 15.226 0.046  K
2457934.92290 15.188 0.042  K
2457935.88913 15.207 0.049  K
2457935.89042 15.219 0.085  K
2457935.89171 15.213 0.064  K
2457936.87421 15.176 0.055  K
2457936.95944 15.246 0.046  K
2457937.83740 15.189 0.035  K
2457937.87656 15.220 0.037  K
2457937.92897 15.162 0.033  K
2457939.84620 15.401 0.130  K
2457939.93197 15.306 0.087  K
2457944.87478 15.198 0.042  K
2457944.92801 15.244 0.048  K
2457945.87587 15.219 0.045  K
2457945.96103 15.281 0.053  K
2457947.89484 15.233 0.055  K
2457947.89614 15.222 0.050  K
2457947.89743 15.215 0.050  K
2457948.81263 15.325 0.091  K
2457949.83099 15.204 0.047  K
2457949.87178 15.218 0.053  K
2457949.91552 15.243 0.055  K
2457950.81550 15.167 0.036  K
2457950.86000 15.209 0.041  K
2457950.90361 15.207 0.042  K
2457951.81085 15.172 0.038  K
2457951.89686 15.229 0.044  K
2457952.88053 15.220 0.031  K
2457952.88184 15.191 0.030  K
2457952.88322 15.176 0.028  K
2457953.86314 15.174 0.036  K
2457953.90625 15.192 0.036  K
2457953.95115 15.187 0.042  K
2457954.79050 15.209 0.042  K
2457954.87223 15.195 0.039  K
2457955.80686 15.239 0.045  K
2457955.84527 15.199 0.038  K
2457955.88876 15.217 0.046  K
2457957.78737 15.214 0.105  K
2457957.87179 15.294 0.074  K
2457958.78340 15.160 0.032  K
2457958.82182 15.180 0.039  K
2457958.86968 15.244 0.038  K
2457959.78339 15.270 0.068  K
2457959.82494 15.208 0.065  K
2457959.86944 15.242 0.069  K
2457960.78693 15.250 0.051  K
2457960.88352 15.260 0.096  K
2457961.78231 15.201 0.046  K
2457961.82741 15.291 0.056  K
2457961.87774 15.227 0.052  K
2457964.78122 15.209 0.042  K
2457964.82551 15.202 0.039  K
2457964.86935 15.243 0.046  K
2457965.76823 15.193 0.054  K
2457965.81849 15.302 0.108  K
2457965.86208 15.344 0.157  K
2457966.77477 15.211 0.045  K
2457966.85900 15.223 0.046  K
2457967.81081 15.201 0.034  K
2457967.81212 15.158 0.031  K
2457967.81342 15.173 0.029  K
2457970.77890 15.243 0.063  K
2457970.82666 15.230 0.051  K
2457970.88163 15.277 0.042  K
2457971.77714 15.232 0.058  K
2457971.81665 15.210 0.057  K
2457971.86739 15.233 0.048  K
2457972.76670 15.174 0.049  K
2457972.84985 15.217 0.054  K
2457974.84200 15.235 0.058  K
2457976.77257 15.185 0.031  K
2457976.82190 15.199 0.029  K
2457976.87190 15.168 0.032  K
2457977.76609 15.187 0.038  K
2457977.81201 15.164 0.030  K
2457977.85563 15.177 0.035  K
2457978.85217 15.174 0.032  K
2457979.79950 15.225 0.042  K
2457979.80080 15.206 0.040  K
2457979.80209 15.204 0.043  K
2457980.76194 15.201 0.045  K
2457980.80094 15.197 0.048  K
2457981.76681 15.000 0.073  K
2457981.85468 15.200 0.038  K
2457982.76513 15.250 0.081  K
2457982.80379 15.282 0.067  K
2457982.85284 15.269 0.082  K
2457983.75896 15.234 0.056  K
2457983.79758 15.182 0.038  K
2457983.84615 15.246 0.041  K
2457985.79941 15.319 0.077  K
2457985.86194 15.225 0.054  K
2457988.75784 15.244 0.062  K
2457988.83218 15.279 0.063  K
2457989.75684 15.219 0.051  K
2457989.82303 15.466 0.145  K
2457990.75781 15.192 0.035  K
2457991.75874 15.171 0.033  K
2457992.75825 15.171 0.038  K
2457992.83167 15.186 0.038  K
2457993.80461 15.244 0.056  K
2458222.05280 15.242 0.051  K
2458222.12512 15.204 0.036  K
2458234.07634 15.260 0.059  K
2458236.11255 15.213 0.058  K
2458236.11390 15.282 0.061  K
2458236.11535 15.248 0.072  K
2458253.96760 15.207 0.042  K
2458253.99544 15.179 0.056  K
2458254.05309 15.218 0.037  K
2458254.97913 15.198 0.042  K
2458256.99268 15.164 0.045  K
2458257.02062 15.164 0.043  K
2458257.06572 15.210 0.047  K
2458257.97037 15.260 0.091  K
2458258.05272 15.261 0.082  K
2458258.98974 15.241 0.058  K
2458259.01745 15.215 0.056  K
2458259.06666 15.219 0.057  K
2458259.98697 15.214 0.062  K
2458260.01489 15.221 0.050  K
2458260.05966 15.230 0.052  K
2458260.96139 15.182 0.035  K
2458261.03708 15.183 0.033  K
2458261.95980 15.237 0.044  K
2458261.98823 15.243 0.055  K
2458262.04276 15.221 0.044  K
2458263.02325 15.216 0.050  K
2458263.02456 15.287 0.050  K
2458263.02585 15.218 0.046  K
2458263.94294 15.237 0.049  K
2458264.01495 15.233 0.061  K
2458264.96795 15.317 0.068  K
2458265.00318 15.183 0.056  K
2458265.04667 15.205 0.046  K
2458265.97794 15.229 0.050  K
2458266.01085 15.193 0.041  K
2458266.05715 15.188 0.049  K
2458266.92885 15.270 0.063  K
2458266.99923 15.256 0.070  K
2458271.94492 15.253 0.052  K
2458271.97374 15.219 0.058  K
2458272.98992 15.261 0.098  K
2458273.02431 15.228 0.058  K
2458273.06851 15.228 0.069  K
2458273.94138 15.264 0.078  K
2458274.01262 15.283 0.087  K
2458274.91525 15.331 0.097  K
2458274.94870 15.265 0.100  K
2458274.99371 15.286 0.090  K
2458275.97179 15.228 0.063  K
2458275.97307 15.294 0.066  K
2458275.97437 15.294 0.073  K
2458279.89699 15.176 0.039  K
2458279.97512 15.154 0.035  K
2458281.91135 15.228 0.060  K
2458281.97795 15.205 0.046  K
2458282.89553 15.174 0.039  K
2458282.97181 15.166 0.035  K
2458283.89963 15.246 0.079  K
2458283.97077 15.163 0.046  K
2458284.91255 15.178 0.040  K
2458284.98311 15.185 0.037  K
2458285.91020 15.195 0.048  K
2458285.99455 15.262 0.072  K
2458286.91690 15.215 0.054  K
2458286.98756 15.185 0.041  K
2458290.92456 15.190 0.037  K
2458290.92587 15.203 0.036  K
2458290.92718 15.209 0.037  K
2458291.89097 15.255 0.060  K
2458291.96666 15.471 0.162  K
2458292.95708 15.260 0.066  K
2458293.85012 15.156 0.040  K
2458293.92354 15.274 0.100  K
2458294.89052 15.203 0.044  K
2458294.97148 15.230 0.046  K
2458298.87079 15.212 0.042  K
2458298.94263 15.179 0.045  K
2458299.88487 15.223 0.052  K
2458299.95714 15.272 0.084  K
2458300.90366 15.161 0.036  K
2458300.98650 15.132 0.043  K
2458303.93275 15.201 0.039  K
2458304.89116 15.186 0.036  K
2458304.96387 15.158 0.033  K
2458305.85373 15.213 0.044  K
2458305.88138 15.225 0.053  K
2458305.94072 15.179 0.037  K
2458307.89916 15.187 0.040  K
2458307.90045 15.158 0.040  K
2458307.90177 15.237 0.047  K
2458308.85726 15.194 0.067  K
2458308.88457 15.278 0.065  K
2458308.93216 15.224 0.056  K
2458309.83169 15.182 0.050  K
2458309.91288 15.186 0.037  K
2458310.85610 15.257 0.069  K
2458310.88425 15.216 0.040  K
2458310.93569 15.178 0.040  K
2458311.85947 15.257 0.061  K
2458311.88766 15.155 0.057  K
2458311.93743 15.257 0.072  K
2458312.83042 15.194 0.046  K
2458312.91058 15.163 0.056  K
2458315.86392 15.206 0.035  K
2458315.93985 15.203 0.046  K
2458316.87010 15.350 0.134  K
2458316.89911 15.262 0.111  K
2458316.94887 15.278 0.100  K
2458317.94564 15.472 0.163  K
2458317.94694 15.832 0.277  K
2458319.91270 15.196 0.108  K
2458321.82020 15.229 0.052  K
2458321.89489 15.198 0.039  K
2458327.82660 15.161 0.035  K
2458327.90669 15.210 0.043  K
2458328.77483 15.307 0.092  K
2458328.80780 15.255 0.061  K
2458328.85180 15.210 0.060  K
2458329.83135 15.423 0.151  K
2458329.83265 15.169 0.098  K
2458329.83395 15.211 0.049  K
2458330.76881 15.225 0.054  K
2458330.84783 15.195 0.040  K
2458331.76936 15.549 0.194  K
2458331.85213 15.332 0.105  K
2458332.80140 15.341 0.170  K
2458333.77760 15.238 0.064  K
2458333.85649 15.608 0.310  K
2458335.82726 15.210 0.042  K
2458335.85455 15.168 0.040  K
2458336.75776 15.199 0.037  K
2458336.83584 15.168 0.034  K
