2457864.02874 15.858 0.059  K
2457864.06767 15.990 0.080  K
2457864.11344 15.902 0.057  K
2457865.02337 15.898 0.066  K
2457865.10509 15.965 0.109  K
2457878.02082 16.037 0.073  K
2457878.06527 16.022 0.161  K
2457878.10896 15.935 0.072  K
2457878.99025 15.806 0.051  K
2457879.02999 15.945 0.068  K
2457879.08116 15.927 0.054  K
2457879.99802 15.829 0.052  K
2457880.08819 15.919 0.058  K
2457880.99143 15.836 0.048  K
2457881.03409 15.832 0.048  K
2457881.07792 15.892 0.044  K
2457882.02001 15.896 0.059  K
2457882.02133 15.947 0.064  K
2457882.02264 15.906 0.061  K
2457882.97713 15.970 0.085  K
2457883.06261 16.080 0.103  K
2457883.99318 16.000 0.068  K
2457884.03294 15.891 0.061  K
2457884.08412 15.903 0.050  K
2457885.00908 15.882 0.057  K
2457885.04919 15.881 0.056  K
2457885.09921 15.876 0.066  K
2457886.00219 15.924 0.074  K
2457886.09226 15.850 0.126  K
2457887.02468 15.938 0.135  K
2457887.02598 15.913 0.127  K
2457887.02730 16.032 0.098  K
2457890.95304 15.938 0.068  K
2457890.99466 15.856 0.061  K
2457891.03817 15.889 0.058  K
2457891.95477 15.861 0.058  K
2457892.04314 15.901 0.049  K
2457892.95783 15.937 0.085  K
2457892.99639 15.890 0.072  K
2457893.04795 15.966 0.093  K
2457893.98467 15.909 0.068  K
2457893.98597 15.934 0.070  K
2457893.98728 15.994 0.069  K
2457894.94267 16.017 0.075  K
2457895.07858 15.857 0.058  K
2457897.95206 15.904 0.080  K
2457898.04145 15.885 0.055  K
2457899.01894 15.819 0.050  K
2457899.02026 15.903 0.054  K
2457899.02158 15.873 0.053  K
2457899.97265 15.900 0.063  K
2457900.01175 15.929 0.069  K
2457900.06161 15.859 0.067  K
2457900.95069 15.929 0.074  K
2457901.03752 15.875 0.069  K
2457901.96000 15.838 0.054  K
2457902.00741 15.912 0.070  K
2457902.06081 15.837 0.053  K
2457902.94999 15.886 0.067  K
2457903.93247 16.081 0.093  K
2457904.02988 15.895 0.060  K
2457904.95427 15.882 0.062  K
2457904.99289 15.976 0.082  K
2457905.04200 15.921 0.063  K
2457905.93104 16.031 0.074  K
2457905.96958 15.862 0.060  K
2457906.02380 15.824 0.049  K
2457907.93916 15.954 0.097  K
2457907.97762 15.916 0.065  K
2457908.02969 15.805 0.064  K
2457909.91615 16.021 0.085  K
2457910.00404 15.874 0.072  K
2457910.89984 15.931 0.071  K
2457910.93849 15.928 0.063  K
2457910.99359 16.041 0.094  K
2457911.93713 15.870 0.052  K
2457911.97573 15.844 0.057  K
2457912.90305 15.975 0.109  K
2457912.98445 15.970 0.117  K
2457916.91425 15.869 0.052  K
2457916.95861 15.903 0.058  K
2457917.00840 15.810 0.058  K
2457917.91126 15.927 0.069  K
2457917.95526 15.934 0.073  K
2457918.00307 15.828 0.056  K
2457918.89882 15.889 0.066  K
2457918.98514 15.929 0.077  K
2457920.94217 15.881 0.060  K
2457920.94348 15.927 0.063  K
2457920.94479 15.918 0.062  K
2457924.87958 15.939 0.094  K
2457924.96321 15.887 0.088  K
2457925.90984 15.794 0.059  K
2457925.91116 15.841 0.060  K
2457925.91247 15.920 0.066  K
2457926.86256 15.896 0.063  K
2457926.90120 15.901 0.072  K
2457926.95078 15.802 0.054  K
2457927.89569 15.819 0.050  K
2457927.98180 15.782 0.050  K
2457928.86786 15.970 0.087  K
2457928.91044 15.905 0.071  K
2457928.96132 15.880 0.061  K
2457929.85935 15.885 0.057  K
2457929.90466 15.867 0.061  K
2457929.95470 15.894 0.061  K
2457930.86743 15.877 0.066  K
2457930.95388 15.899 0.085  K
2457931.91085 15.919 0.052  K
2457931.95334 15.842 0.067  K
2457932.85940 15.764 0.106  K
2457932.90418 15.909 0.102  K
2457932.95211 15.919 0.086  K
2457933.84131 15.975 0.104  K
2457933.92822 15.859 0.074  K
2457934.83944 15.827 0.059  K
2457934.87792 15.868 0.070  K
2457934.92157 15.904 0.065  K
2457935.88023 15.851 0.096  K
2457935.88153 15.974 0.088  K
2457935.88282 15.851 0.101  K
2457936.87287 15.812 0.076  K
2457936.95812 15.886 0.083  K
2457937.83604 15.814 0.058  K
2457937.87523 15.783 0.058  K
2457937.92763 15.822 0.054  K
2457939.84486 15.762 0.267  K
2457939.93064 15.846 0.154  K
2457944.87345 15.901 0.073  K
2457944.92668 15.864 0.084  K
2457945.87453 15.799 0.057  K
2457945.95970 15.815 0.080  K
2457947.89093 15.911 0.091  K
2457947.89222 15.900 0.090  K
2457947.89352 15.915 0.112  K
2457948.81129 15.830 0.138  K
2457948.89991 15.563 0.117  K
2457949.82965 15.793 0.067  K
2457949.87046 15.889 0.081  K
2457949.91419 15.925 0.087  K
2457950.81419 15.788 0.051  K
2457950.85868 15.848 0.060  K
2457950.90228 15.924 0.074  K
2457951.80951 15.882 0.064  K
2457951.89553 15.823 0.084  K
2457952.87659 15.804 0.047  K
2457952.87791 15.800 0.046  K
2457952.87921 15.782 0.045  K
2457953.86182 15.731 0.054  K
2457953.90493 15.732 0.050  K
2457953.94981 15.748 0.065  K
2457954.78917 15.820 0.070  K
2457954.87089 15.832 0.069  K
2457955.80553 15.836 0.074  K
2457955.84396 15.875 0.063  K
2457955.88742 15.881 0.081  K
2457957.78604 15.699 0.180  K
2457957.87047 15.364 0.100  K
2457958.78208 15.637 0.046  K
2457958.82050 15.725 0.057  K
2457958.86833 15.680 0.060  K
2457959.78200 15.704 0.087  K
2457959.82363 15.650 0.077  K
2457959.86810 15.678 0.084  K
2457960.78561 15.658 0.061  K
2457960.88220 15.563 0.079  K
2457961.78098 15.575 0.055  K
2457961.82609 15.487 0.056  K
2457961.87318 15.642 0.071  K
2457964.77989 15.453 0.044  K
2457964.82418 15.470 0.046  K
2457964.86803 15.483 0.048  K
2457965.76688 15.417 0.067  K
2457965.81717 15.428 0.120  K
2457965.86075 15.337 0.086  K
2457966.77344 15.342 0.046  K
2457966.85767 15.342 0.049  K
2457967.80617 15.160 0.059  K
2457967.80746 15.239 0.056  K
2457967.80949 15.233 0.032  K
2457970.77759 14.861 0.037  K
2457970.82533 14.886 0.033  K
2457970.88030 14.888 0.030  K
2457971.77581 14.831 0.031  K
2457971.81532 14.828 0.031  K
2457971.86607 14.845 0.033  K
2457972.76538 15.030 0.039  K
2457972.84853 15.085 0.050  K
2457974.84068 15.007 0.046  K
2457976.77125 14.712 0.021  K
2457976.82057 14.700 0.021  K
2457976.86861 14.715 0.022  K
2457977.76477 14.659 0.022  K
2457977.81069 14.662 0.020  K
2457977.85430 14.655 0.022  K
2457978.76108 14.650 0.021  K
2457978.85086 14.649 0.020  K
2457979.79558 14.750 0.024  K
2457979.79687 14.752 0.025  K
2457979.79818 14.746 0.026  K
2457980.76060 14.882 0.035  K
2457980.79963 14.858 0.033  K
2457980.84795 14.878 0.028  K
2457981.76550 14.999 0.054  K
2457981.85334 14.953 0.029  K
2457982.76381 15.005 0.057  K
2457982.80246 14.976 0.056  K
2457982.85151 15.095 0.062  K
2457983.75764 15.097 0.051  K
2457983.79623 15.128 0.034  K
2457983.84483 15.120 0.035  K
2457985.79786 15.027 0.055  K
2457985.86019 15.168 0.048  K
2457988.75652 15.283 0.065  K
2457989.75553 15.427 0.054  K
2457990.75649 15.424 0.041  K
2457990.82268 15.471 0.055  K
2457991.75742 15.439 0.037  K
2457991.82304 15.442 0.072  K
2457992.75693 15.595 0.056  K
2457992.83034 15.543 0.049  K
2457993.80328 15.584 0.066  K
2458310.85477 17.054 0.428  K
2458222.05145 16.010 0.083  K
2458222.12377 15.769 0.052  K
2458234.07502 15.902 0.092  K
2458236.10655 15.729 0.084  K
2458236.10786 15.692 0.082  K
2458236.10915 15.801 0.100  K
2458253.96625 15.914 0.075  K
2458253.99407 15.939 0.092  K
2458254.05176 15.836 0.068  K
2458254.97779 15.868 0.080  K
2458255.05475 15.940 0.075  K
2458256.99135 16.031 0.100  K
2458257.01929 15.929 0.080  K
2458257.06436 15.877 0.075  K
2458257.96901 15.664 0.243  K
2458258.05134 15.819 0.127  K
2458258.98840 15.915 0.104  K
2458259.01611 15.822 0.104  K
2458259.06532 15.973 0.101  K
2458259.98562 15.858 0.094  K
2458260.01353 15.877 0.084  K
2458260.05830 15.790 0.085  K
2458260.96003 15.979 0.070  K
2458261.03572 15.843 0.054  K
2458261.95845 16.021 0.082  K
2458261.98687 15.889 0.102  K
2458262.04140 15.997 0.074  K
2458263.01929 15.868 0.071  K
2458263.02058 15.867 0.073  K
2458263.02192 15.839 0.072  K
2458264.01362 15.674 0.096  K
2458264.96662 15.728 0.120  K
2458265.00183 15.835 0.098  K
2458265.04533 15.931 0.075  K
2458265.97660 15.877 0.093  K
2458266.00953 15.980 0.079  K
2458266.05581 15.833 0.090  K
2458266.92752 15.830 0.095  K
2458266.99789 15.911 0.103  K
2458271.94357 15.911 0.085  K
2458271.97238 15.875 0.100  K
2458272.98857 15.787 0.128  K
2458273.02295 15.834 0.089  K
2458273.06716 15.717 0.114  K
2458273.94002 15.932 0.126  K
2458274.01128 15.728 0.112  K
2458274.91388 15.847 0.144  K
2458274.94733 15.778 0.145  K
2458274.99236 15.721 0.134  K
2458275.96785 15.800 0.114  K
2458275.96916 15.878 0.111  K
2458275.97047 15.854 0.115  K
2458279.89567 15.885 0.067  K
2458279.97379 15.922 0.064  K
2458281.90998 15.963 0.104  K
2458281.97661 16.060 0.093  K
2458282.89418 15.988 0.080  K
2458282.97044 15.863 0.061  K
2458283.89829 15.882 0.110  K
2458283.96941 15.993 0.096  K
2458284.91123 15.899 0.077  K
2458284.98179 15.905 0.073  K
2458285.90884 16.085 0.117  K
2458285.99319 15.935 0.092  K
2458286.91552 16.087 0.126  K
2458286.98619 15.972 0.085  K
2458290.92061 15.870 0.059  K
2458290.92192 15.887 0.059  K
2458290.92323 15.886 0.062  K
2458291.88965 15.999 0.100  K
2458292.88580 15.860 0.083  K
2458292.95574 15.810 0.081  K
2458293.84879 15.956 0.078  K
2458293.92221 15.749 0.148  K
2458294.88920 15.833 0.073  K
2458294.97016 15.900 0.073  K
2458298.86943 15.904 0.070  K
2458298.94126 15.965 0.080  K
2458299.88355 15.893 0.112  K
2458299.95582 15.803 0.113  K
2458300.90233 15.842 0.060  K
2458300.98490 15.929 0.115  K
2458303.93140 15.962 0.080  K
2458304.88982 15.826 0.058  K
2458304.96254 15.792 0.054  K
2458305.85241 15.842 0.072  K
2458305.93939 15.887 0.068  K
2458307.89520 15.780 0.061  K
2458307.89650 15.874 0.069  K
2458307.89782 15.844 0.064  K
2458308.85593 16.041 0.099  K
2458308.88324 15.824 0.082  K
2458308.93076 15.933 0.100  K
2458309.83037 16.012 0.126  K
2458309.91156 15.870 0.063  K
2458310.85477 16.006 0.157  K
2458310.88294 15.898 0.078  K
2458310.93437 15.874 0.082  K
2458311.85811 15.750 0.112  K
2458311.88631 15.887 0.095  K
2458311.93606 15.933 0.097  K
2458312.82909 16.012 0.120  K
2458312.90925 15.950 0.106  K
2458315.86257 15.793 0.058  K
2458315.93853 15.935 0.081  K
2458316.86876 15.928 0.267  K
2458316.89778 15.698 0.256  K
2458316.94753 15.667 0.135  K
2458317.91521 15.667 0.166  K
2458317.91650 15.547 0.182  K
2458317.91780 15.515 0.309  K
2458319.88357 15.858 0.276  K
2458319.91138 16.257 0.370  K
2458321.81886 16.078 0.104  K
2458321.89357 15.932 0.071  K
2458327.82527 15.901 0.063  K
2458327.90537 16.015 0.084  K
2458328.77349 15.858 0.146  K
2458328.80647 15.932 0.116  K
2458328.85047 15.891 0.108  K
2458329.82739 15.485 0.113  K
2458329.82870 15.692 0.168  K
2458329.83000 16.293 0.397  K
2458330.76749 16.016 0.107  K
2458330.84651 16.012 0.082  K
2458331.80495 15.741 0.140  K
2458331.85079 15.791 0.139  K
2458332.80006 15.771 0.245  K
2458333.77628 15.968 0.106  K
2458333.85517 15.773 0.195  K
2458335.82592 15.910 0.085  K
2458335.85324 15.992 0.085  K
2458336.75643 15.800 0.075  K
2458336.83451 15.857 0.065  K
2457865.06178 17.000 0.054  H
2457880.03646 16.935 0.052  H
2457883.01929 16.978 0.109  H
2457886.04790 17.126 0.117  H
2457891.99320 17.020 0.086  H
2457894.98401 17.048 0.207  H
2457895.03497 16.993 0.070  H
2457897.99747 16.999 0.073  H
2457900.98904 17.086 0.097  H
2457903.97737 16.917 0.143  H
2457909.95767 17.131 0.093  H
2457912.94086 16.946 0.093  H
2457918.93662 17.011 0.077  H
2457924.91943 16.850 0.090  H
2457927.93422 17.068 0.054  H
2457930.91064 16.999 0.087  H
2457933.87988 17.022 0.130  H
2457936.91491 16.981 0.069  H
2457939.88669 16.951 0.166  H
2457945.91252 17.037 0.093  H
2457951.85187 16.936 0.064  H
2457954.82702 16.818 0.051  H
2457957.82706 16.747 0.103  H
2457960.83422 16.730 0.063  H
2457966.81369 16.540 0.050  H
2457972.80528 16.085 0.033  H
2457978.80013 15.844 0.027  H
2457981.80363 16.143 0.045  H
2458222.07887 16.832 0.068  H
2458234.11118 16.910 0.072  H
2458255.00552 16.923 0.118  H
2458257.99678 16.932 0.114  H
2458260.99121 16.983 0.060  H
2458263.96875 16.834 0.077  H
2458266.95471 16.910 0.116  H
2458279.92336 16.933 0.061  H
2458282.92279 17.006 0.078  H
2458285.94341 16.874 0.104  H
2458291.92107 16.927 0.136  H
2458294.92469 16.995 0.073  H
2458300.93772 16.972 0.066  H
2458303.95893 17.337 0.326  H
2458309.86130 16.943 0.059  H
2458312.85615 17.039 0.120  H
2458315.89214 16.988 0.073  H
2458321.84596 17.013 0.074  H
2458327.85565 16.967 0.061  H
2458330.79792 16.946 0.087  H
2458333.80849 17.041 0.106  H
2458336.78356 16.948 0.058  H
