2458590.05000 14.934 0.029  H
2458591.06150 14.963 0.038  H
2458592.06578 15.002 0.060  H
2458593.06144 14.820 0.043  H
2458594.06081 14.875 0.032  H
2458595.05734 14.863 0.030  H
2458599.04218 14.896 0.039  H
2458600.04237 14.891 0.037  H
2458601.03710 14.860 0.039  H
2458605.03370 14.872 0.033  H
2458606.03523 14.903 0.048  H
2458607.02062 14.897 0.047  H
2458611.03044 14.909 0.035  H
2458612.04252 14.877 0.028  H
2458614.01189 14.847 0.034  H
2458614.99605 14.842 0.030  H
2458615.99750 14.888 0.030  H
2458616.98777 14.893 0.039  H
2458618.97381 14.946 0.035  H
2458619.98980 14.881 0.031  H
2458620.99351 14.904 0.039  H
2458621.99447 14.852 0.051  H
2458627.00525 14.890 0.031  H
2458627.98304 14.856 0.052  H
2458629.00135 14.821 0.033  H
2458629.97369 14.900 0.038  H
2458631.97442 14.862 0.029  H
2458632.94201 14.795 0.031  H
2458633.93408 14.780 0.035  H
2458634.95431 14.867 0.050  H
2458636.93968 14.823 0.031  H
2458637.92581 14.774 0.049  H
2458639.95472 14.848 0.028  H
2458641.96162 14.860 0.039  H
2458642.91854 14.789 0.038  H
2458643.94908 14.822 0.033  H
2458644.90924 14.795 0.035  H
2458646.91214 14.784 0.027  H
2458647.93443 14.797 0.030  H
2458648.92503 14.769 0.028  H
2458649.91291 14.773 0.035  H
2458653.90301 14.790 0.033  H
2458654.90208 14.757 0.029  H
2458655.90996 14.765 0.049  H
2458657.00482 14.774 0.033  H
2458659.89723 14.687 0.050  H
2458660.89084 14.705 0.030  H
2458664.84107 14.673 0.023  H
2458664.96347 14.686 0.024  H
2458665.85016 14.670 0.034  H
2458666.84376 14.642 0.028  H
2458666.96279 14.662 0.031  H
2458667.96610 14.652 0.025  H
2458668.85337 14.673 0.037  H
2458669.89191 14.673 0.029  H
2458671.86418 14.603 0.027  H
2458674.83586 14.597 0.029  H
2458675.80823 14.581 0.044  H
2458676.81759 14.588 0.022  H
2458680.88063 14.529 0.027  H
2458708.76932 13.990 0.021  H
2458709.77250 13.958 0.030  H
2458710.76860 13.911 0.021  H
2458711.83143 13.869 0.016  H
2458712.83275 13.796 0.039  H
2458713.86398 13.806 0.020  H
2458714.75988 13.755 0.022  H
2458715.75976 13.781 0.023  H
2458716.83707 13.664 0.019  H
2458717.80828 13.668 0.020  H
2458718.77930 13.611 0.014  H
2458719.77604 13.565 0.018  H
2458721.77725 13.526 0.014  H
2458722.82560 13.490 0.020  H
2458724.77388 13.393 0.022  H
2458733.78461 13.296 0.031  H
2458734.77515 13.272 0.014  H
2458736.74251 13.348 0.014  H
2457865.05639 15.111 0.028  H
2457880.03101 15.103 0.026  H
2457883.00974 15.113 0.046  H
2457886.04246 15.094 0.034  H
2457891.98778 15.088 0.029  H
2457894.97802 15.213 0.069  H
2457897.99205 15.097 0.029  H
2457900.98358 15.068 0.029  H
2457903.97200 15.126 0.055  H
2457909.95226 15.075 0.029  H
2457912.93553 15.137 0.049  H
2457918.93127 15.098 0.035  H
2457924.91406 15.110 0.036  H
2457927.92885 15.141 0.025  H
2457930.90038 15.130 0.033  H
2457933.87451 15.099 0.045  H
2457936.90956 15.165 0.046  H
2457939.87742 15.167 0.059  H
2457945.90717 15.129 0.031  H
2457948.84404 15.107 0.078  H
2457951.84650 15.042 0.026  H
2457954.82170 15.077 0.027  H
2457957.82172 15.007 0.066  H
2457960.82594 15.011 0.052  H
2457966.80837 15.111 0.038  H
2457972.80001 15.072 0.029  H
2457978.79479 15.135 0.031  H
2457981.79830 15.153 0.049  H
2458006.71278 15.035 0.038  H
2458006.71403 15.041 0.038  H
2458007.71545 14.976 0.059  H
2458007.71670 14.985 0.057  H
2458008.72041 15.045 0.046  H
2458008.72168 15.013 0.046  H
2458009.71836 14.807 0.104  H
2458009.71959 14.864 0.142  H
2458010.71790 15.068 0.049  H
2458010.71915 15.072 0.052  H
2458011.71766 15.039 0.052  H
2458011.71891 15.004 0.049  H
2458019.70761 15.046 0.040  H
2458019.70885 15.030 0.037  H
2458020.71044 14.766 0.068  H
2458020.71169 14.771 0.060  H
2458021.70696 15.056 0.054  H
2458021.70820 15.074 0.049  H
2458025.71983 14.977 0.039  H
2458025.72107 15.024 0.043  H
2458026.70813 15.013 0.046  H
2458026.70937 14.991 0.047  H
2458027.70838 15.044 0.037  H
2458027.70963 15.030 0.034  H
2458029.70757 15.009 0.033  H
2458029.70882 14.999 0.047  H
2458030.71015 15.040 0.088  H
2458030.71139 15.102 0.107  H
2458036.69448 14.979 0.052  H
2458036.69573 15.013 0.056  H
2458037.69752 15.043 0.048  H
2458037.69875 15.067 0.050  H
2458222.07335 15.127 0.029  H
2458234.10507 15.087 0.034  H
2458254.99998 15.100 0.033  H
2458257.99125 15.098 0.047  H
2458260.98228 15.055 0.031  H
2458263.96332 15.113 0.041  H
2458266.94924 15.118 0.048  H
2458273.96171 15.103 0.072  H
2458279.91796 15.073 0.030  H
2458282.91734 15.046 0.039  H
2458285.93496 15.039 0.038  H
2458291.91135 14.974 0.038  H
2458294.91161 15.072 0.031  H
2458300.93234 15.057 0.030  H
2458303.95346 15.052 0.043  H
2458309.85590 15.063 0.030  H
2458312.85079 15.050 0.052  H
2458315.88679 15.020 0.027  H
2458321.84063 15.080 0.044  H
2458327.85030 15.057 0.030  H
2458330.79262 15.054 0.042  H
2458333.79807 15.163 0.068  H
2458336.77824 15.076 0.029  H
2458592.07791 15.138 0.055  H
2458595.06972 15.060 0.032  H
2458601.04942 15.000 0.044  H
2458607.04469 15.052 0.038  H
2458613.04545 15.048 0.034  H
2458616.00981 15.019 0.030  H
2458618.98615 15.011 0.035  H
2458622.00713 15.040 0.049  H
2458629.01422 14.988 0.036  H
2458631.98689 15.000 0.026  H
2458634.96742 14.969 0.034  H
2458637.94240 15.031 0.053  H
2458643.96162 14.946 0.027  H
2458646.92459 14.959 0.026  H
2458649.92630 14.920 0.038  H
2458664.85374 14.790 0.022  H
2458667.85092 14.828 0.029  H
2458676.83036 14.732 0.022  H
