2457864.02330 12.929 0.012  K
2457864.06224 12.898 0.012  K
2457864.10798 12.910 0.011  K
2457865.01791 12.920 0.012  K
2457865.09964 12.920 0.014  K
2457878.01524 12.912 0.012  K
2457878.05983 12.969 0.018  K
2457878.10348 12.928 0.014  K
2457878.98478 12.866 0.011  K
2457879.02460 12.888 0.012  K
2457879.07569 12.909 0.011  K
2457879.99257 12.885 0.011  K
2457880.08274 12.896 0.011  K
2457880.98603 12.882 0.011  K
2457881.02867 12.867 0.011  K
2457881.07246 12.894 0.011  K
2457882.00416 12.876 0.012  K
2457882.00547 12.911 0.012  K
2457882.00678 12.885 0.012  K
2457882.97168 12.927 0.014  K
2457883.05713 12.912 0.013  K
2457883.98706 12.900 0.011  K
2457884.02741 12.913 0.012  K
2457884.07864 12.914 0.012  K
2457885.00346 12.956 0.012  K
2457885.04374 12.895 0.011  K
2457885.09317 12.901 0.011  K
2457885.99680 12.915 0.012  K
2457886.08681 12.891 0.014  K
2457887.00881 12.923 0.016  K
2457887.01012 12.909 0.015  K
2457887.01141 12.924 0.013  K
2457890.94756 12.903 0.012  K
2457890.98922 12.921 0.011  K
2457891.03273 12.895 0.011  K
2457891.94934 12.897 0.011  K
2457892.03763 12.906 0.011  K
2457892.95237 12.901 0.012  K
2457892.99095 12.902 0.012  K
2457893.04250 12.901 0.013  K
2457893.96881 12.911 0.012  K
2457893.97013 12.885 0.012  K
2457893.97144 12.946 0.012  K
2457894.93722 12.904 0.012  K
2457895.07313 12.891 0.011  K
2457897.94666 12.940 0.013  K
2457898.03602 12.901 0.011  K
2457898.98988 12.893 0.011  K
2457898.99118 12.898 0.011  K
2457898.99250 12.904 0.011  K
2457899.96723 12.895 0.011  K
2457900.00632 12.909 0.011  K
2457900.05617 12.901 0.012  K
2457900.94143 12.923 0.012  K
2457901.03208 12.930 0.012  K
2457901.95463 12.908 0.011  K
2457902.00190 12.897 0.011  K
2457902.05535 12.895 0.011  K
2457902.94220 12.880 0.011  K
2457903.92704 12.906 0.012  K
2457904.02444 12.877 0.011  K
2457904.94886 12.902 0.011  K
2457904.98747 12.895 0.012  K
2457905.03658 12.884 0.012  K
2457905.92563 12.891 0.011  K
2457905.96416 12.895 0.011  K
2457906.01837 12.904 0.011  K
2457907.93378 12.980 0.016  K
2457907.97223 12.919 0.012  K
2457908.02428 12.907 0.012  K
2457909.91074 12.903 0.012  K
2457909.99862 12.909 0.011  K
2457910.89443 12.890 0.012  K
2457910.93310 12.909 0.012  K
2457910.98815 12.883 0.011  K
2457911.97034 12.885 0.011  K
2457912.89764 12.891 0.012  K
2457912.97905 12.890 0.016  K
2457916.90887 12.880 0.011  K
2457916.95320 12.895 0.012  K
2457917.00292 12.894 0.012  K
2457917.90583 12.914 0.012  K
2457917.94987 12.902 0.015  K
2457917.99766 12.904 0.011  K
2457918.89313 12.888 0.012  K
2457918.97975 12.891 0.012  K
2457920.92636 12.921 0.012  K
2457920.92767 12.922 0.014  K
2457920.92898 12.916 0.015  K
2457924.87424 12.908 0.014  K
2457924.95781 12.918 0.013  K
2457925.89338 12.927 0.011  K
2457925.89468 12.938 0.012  K
2457925.89599 12.914 0.012  K
2457926.85718 12.913 0.012  K
2457926.89578 12.937 0.012  K
2457926.94539 12.884 0.011  K
2457927.89034 12.893 0.011  K
2457927.97640 12.938 0.011  K
2457928.86247 12.916 0.012  K
2457928.90508 12.908 0.012  K
2457928.95592 12.896 0.011  K
2457929.85394 12.893 0.012  K
2457929.89928 12.912 0.012  K
2457929.94928 12.898 0.011  K
2457930.86203 12.901 0.011  K
2457930.94849 12.905 0.012  K
2457931.90546 12.901 0.011  K
2457931.94793 12.917 0.012  K
2457932.85403 12.906 0.013  K
2457932.89881 12.918 0.013  K
2457932.94648 12.950 0.016  K
2457933.83598 12.912 0.013  K
2457933.92283 12.921 0.013  K
2457934.83408 12.895 0.012  K
2457934.87258 12.923 0.012  K
2457934.91618 12.897 0.011  K
2457935.86447 12.877 0.013  K
2457935.86578 12.935 0.013  K
2457935.86709 12.915 0.013  K
2457936.86756 12.906 0.013  K
2457936.95277 12.912 0.012  K
2457937.83062 12.892 0.011  K
2457937.86977 12.926 0.012  K
2457937.92216 12.897 0.011  K
2457939.83953 12.987 0.023  K
2457939.92527 13.400 0.049  K
2457944.86814 12.900 0.012  K
2457944.92131 12.925 0.013  K
2457945.85712 12.911 0.012  K
2457945.95391 12.944 0.012  K
2457947.87512 12.938 0.013  K
2457947.87641 12.908 0.013  K
2457947.87770 12.919 0.013  K
2457948.80593 12.936 0.019  K
2457948.89449 12.954 0.014  K
2457949.82434 12.942 0.013  K
2457949.86409 12.918 0.012  K
2457949.90885 12.911 0.012  K
2457950.80885 12.905 0.011  K
2457950.85333 12.902 0.011  K
2457950.89691 12.904 0.012  K
2457951.80417 12.907 0.012  K
2457951.89019 12.940 0.012  K
2457952.86067 12.880 0.011  K
2457952.86198 12.882 0.011  K
2457952.86338 12.912 0.012  K
2457953.85648 12.884 0.011  K
2457953.89957 12.897 0.011  K
2457953.94447 12.914 0.012  K
2457954.78383 12.929 0.012  K
2457954.86553 12.914 0.011  K
2457955.80023 12.911 0.012  K
2457955.83865 12.892 0.011  K
2457955.88208 12.908 0.013  K
2457957.78071 12.966 0.019  K
2457957.86513 12.938 0.017  K
2457958.77641 12.884 0.011  K
2457958.81518 12.893 0.012  K
2457958.86298 12.890 0.011  K
2457959.77667 12.945 0.014  K
2457959.81834 12.914 0.014  K
2457959.86269 12.937 0.014  K
2457960.78033 12.923 0.012  K
2457960.87303 12.906 0.012  K
2457961.77565 12.909 0.013  K
2457961.82076 12.970 0.013  K
2457961.86785 12.915 0.013  K
2457964.77461 12.876 0.012  K
2457964.81889 12.921 0.011  K
2457964.86271 12.907 0.012  K
2457965.76155 12.894 0.013  K
2457965.80091 12.938 0.015  K
2457965.85540 12.952 0.013  K
2457966.76813 12.860 0.013  K
2457966.85235 12.913 0.013  K
2457967.79040 12.940 0.014  K
2457967.79171 12.903 0.013  K
2457967.79301 12.948 0.014  K
2457970.77234 12.915 0.013  K
2457970.82001 12.903 0.014  K
2457970.87497 12.898 0.012  K
2457971.77049 12.921 0.013  K
2457971.80999 12.917 0.012  K
2457971.85968 12.904 0.012  K
2457972.76012 12.934 0.014  K
2457972.84319 12.923 0.012  K
2457974.85725 12.909 0.012  K
2457976.76539 12.877 0.011  K
2457976.81524 12.902 0.011  K
2457976.86279 12.905 0.011  K
2457977.75948 12.888 0.012  K
2457977.80537 12.908 0.011  K
2457977.84898 12.913 0.011  K
2457978.75579 12.903 0.011  K
2457978.84553 12.878 0.011  K
2457979.77934 12.914 0.012  K
2457979.78065 12.926 0.012  K
2457979.78196 12.895 0.012  K
2457980.75535 12.915 0.013  K
2457980.79406 12.945 0.012  K
2457980.84263 12.884 0.012  K
2457981.76019 12.928 0.015  K
2457981.84801 12.905 0.012  K
2457982.75852 12.910 0.015  K
2457982.79711 12.897 0.014  K
2457982.84572 12.899 0.021  K
2457983.75234 12.930 0.013  K
2457983.79090 12.927 0.012  K
2457983.83441 12.926 0.012  K
2457985.79148 12.928 0.012  K
2457985.85359 12.915 0.012  K
2457988.77273 12.919 0.012  K
2457988.82520 12.929 0.014  K
2457989.77191 12.921 0.012  K
2457989.81639 12.877 0.015  K
2457990.77270 12.916 0.012  K
2457990.81710 12.936 0.013  K
2457991.77363 12.919 0.012  K
2457991.81773 12.887 0.015  K
2457992.77313 12.921 0.012  K
2457992.82493 12.886 0.011  K
2457993.81948 12.919 0.014  K
2458006.70985 12.906 0.012  K
2458006.71110 12.898 0.012  K
2458007.71261 12.923 0.016  K
2458007.71386 12.932 0.016  K
2458008.71757 12.912 0.014  K
2458008.71882 12.916 0.013  K
2458009.71552 13.094 0.037  K
2458009.71676 12.943 0.020  K
2458010.71454 12.951 0.013  K
2458010.71631 12.912 0.014  K
2458011.71482 12.912 0.013  K
2458011.71608 12.898 0.013  K
2458013.70854 12.904 0.012  K
2458018.75163 12.935 0.024  K
2458019.70477 12.923 0.012  K
2458019.70602 12.927 0.012  K
2458020.70760 12.917 0.014  K
2458020.70884 12.908 0.016  K
2458021.70385 12.920 0.013  K
2458021.70510 12.904 0.013  K
2458025.71700 12.905 0.013  K
2458025.71825 12.913 0.013  K
2458026.70529 12.890 0.013  K
2458026.70653 12.909 0.013  K
2458027.70554 12.883 0.012  K
2458027.70679 12.909 0.012  K
2458029.70474 12.917 0.012  K
2458029.70597 12.903 0.012  K
2458030.70679 12.926 0.017  K
2458030.70805 12.930 0.018  K
2458036.69166 12.918 0.014  K
2458036.69291 12.923 0.015  K
2458037.69467 12.898 0.012  K
2458037.69591 12.911 0.013  K
2458222.04594 12.904 0.013  K
2458222.11814 12.902 0.011  K
2458234.06955 12.888 0.013  K
2458236.09053 12.884 0.014  K
2458236.09183 12.898 0.015  K
2458236.09315 12.925 0.016  K
2458253.96073 12.844 0.012  K
2458253.98853 12.875 0.013  K
2458254.04633 12.877 0.012  K
2458254.97148 12.879 0.012  K
2458255.04479 12.917 0.013  K
2458255.96444 12.879 0.012  K
2458256.98592 12.893 0.013  K
2458257.01386 12.862 0.012  K
2458257.05893 12.881 0.012  K
2458257.97447 12.917 0.017  K
2458258.04573 12.873 0.014  K
2458258.98292 12.905 0.016  K
2458259.01064 12.894 0.013  K
2458259.05979 12.913 0.014  K
2458259.98014 12.875 0.012  K
2458260.00800 12.904 0.012  K
2458260.05276 12.885 0.014  K
2458260.95447 12.865 0.011  K
2458261.03014 12.882 0.011  K
2458261.95292 12.875 0.012  K
2458261.98139 12.865 0.012  K
2458262.03585 12.880 0.012  K
2458263.00316 12.886 0.012  K
2458263.00448 12.875 0.012  K
2458263.00578 12.864 0.012  K
2458263.93537 12.889 0.014  K
2458264.00819 12.874 0.013  K
2458264.96120 12.890 0.015  K
2458264.99641 12.872 0.013  K
2458265.03990 12.890 0.013  K
2458265.97117 12.878 0.012  K
2458265.99904 12.876 0.012  K
2458266.05013 12.890 0.013  K
2458266.92035 12.926 0.016  K
2458266.99246 12.889 0.013  K
2458271.93810 12.909 0.014  K
2458271.96688 12.911 0.015  K
2458272.02882 12.890 0.013  K
2458272.98308 12.908 0.015  K
2458273.01727 12.885 0.012  K
2458273.06166 12.922 0.014  K
2458273.93462 12.946 0.016  K
2458274.00585 12.971 0.017  K
2458274.90833 12.919 0.017  K
2458274.93882 12.872 0.016  K
2458274.98681 12.888 0.015  K
2458275.94877 12.923 0.015  K
2458275.95007 12.900 0.014  K
2458275.95136 12.901 0.014  K
2458279.89025 12.917 0.012  K
2458279.96837 12.908 0.012  K
2458281.92674 12.925 0.014  K
2458281.97108 12.900 0.013  K
2458282.88868 12.899 0.012  K
2458282.96488 12.899 0.012  K
2458283.91501 12.903 0.014  K
2458283.96392 12.926 0.013  K
2458284.92748 12.903 0.012  K
2458284.97638 12.930 0.012  K
2458285.91430 12.896 0.013  K
2458285.98769 12.905 0.015  K
2458286.93517 12.897 0.013  K
2458286.98067 12.896 0.012  K
2458290.89766 12.880 0.011  K
2458290.89896 12.883 0.011  K
2458290.90026 12.876 0.011  K
2458291.88426 12.910 0.013  K
2458291.95991 13.194 0.028  K
2458292.90253 12.894 0.013  K
2458292.95023 12.901 0.014  K
2458293.86494 13.161 0.034  K
2458293.91683 12.952 0.019  K
2458294.88384 12.901 0.012  K
2458294.96477 12.896 0.012  K
2458298.88586 12.896 0.012  K
2458298.93578 12.915 0.012  K
2458299.90082 12.917 0.013  K
2458299.95044 12.896 0.015  K
2458300.89696 12.899 0.012  K
2458300.97941 12.914 0.013  K
2458303.92595 12.906 0.012  K
2458304.90621 12.884 0.011  K
2458304.95708 12.866 0.011  K
2458305.84708 12.894 0.012  K
2458305.87472 12.963 0.020  K
2458305.93400 12.892 0.012  K
2458307.87935 12.906 0.015  K
2458307.88067 13.019 0.016  K
2458307.88196 12.909 0.013  K
2458308.85058 12.895 0.012  K
2458308.87788 12.884 0.012  K
2458308.92540 12.911 0.013  K
2458309.82501 12.910 0.013  K
2458309.90615 12.900 0.012  K
2458310.84912 12.913 0.015  K
2458310.87758 12.921 0.013  K
2458310.92877 12.908 0.012  K
2458311.85267 12.920 0.015  K
2458311.88078 12.918 0.015  K
2458311.93037 12.908 0.016  K
2458312.83447 12.899 0.012  K
2458312.90386 12.918 0.016  K
2458315.85718 12.898 0.011  K
2458315.93009 12.893 0.012  K
2458316.86342 12.928 0.018  K
2458316.89242 12.941 0.016  K
2458316.94217 12.906 0.018  K
2458317.89793 12.897 0.017  K
2458317.89923 12.946 0.016  K
2458319.87824 12.943 0.020  K
2458319.90605 13.031 0.023  K
2458321.81360 12.922 0.013  K
2458321.88824 12.893 0.012  K
2458327.81998 12.898 0.012  K
2458327.89962 12.905 0.012  K
2458328.76792 12.902 0.016  K
2458328.79845 12.918 0.015  K
2458328.84512 12.920 0.015  K
2458329.81137 12.887 0.012  K
2458329.81269 12.908 0.012  K
2458329.81400 12.889 0.012  K
2458330.76218 12.923 0.013  K
2458330.84114 12.897 0.012  K
2458331.76269 12.991 0.025  K
2458331.79683 12.991 0.026  K
2458331.84543 12.940 0.018  K
2458332.79474 12.951 0.020  K
2458333.75715 12.945 0.014  K
2458333.84981 12.915 0.014  K
2458335.82060 12.927 0.013  K
2458335.84793 12.914 0.013  K
2458335.89692 12.899 0.014  K
2458336.75110 12.912 0.012  K
2458336.82915 12.892 0.012  K
2458590.03505 12.945 0.011  K
2458590.06417 12.927 0.012  K
2458590.11202 12.931 0.011  K
2458591.04657 12.931 0.014  K
2458591.07411 12.934 0.014  K
2458591.12780 12.949 0.013  K
2458592.05076 13.192 0.021  K
2458592.12178 12.953 0.018  K
2458593.04622 12.927 0.013  K
2458593.07411 12.920 0.013  K
2458593.11894 12.929 0.013  K
2458594.04560 12.936 0.012  K
2458594.07352 12.935 0.012  K
2458594.11767 12.933 0.012  K
2458595.04213 12.948 0.011  K
2458595.11396 12.906 0.012  K
2458599.02666 12.941 0.012  K
2458599.05486 12.929 0.012  K
2458599.10620 12.924 0.012  K
2458600.02713 12.951 0.012  K
2458600.05491 12.921 0.012  K
2458600.10648 12.924 0.012  K
2458601.02192 12.933 0.013  K
2458601.10590 12.913 0.012  K
2458605.01659 12.919 0.011  K
2458605.04683 12.928 0.011  K
2458605.09094 12.944 0.011  K
2458606.02003 12.941 0.012  K
2458606.05373 12.926 0.012  K
2458606.10206 12.938 0.012  K
2458607.00540 12.928 0.012  K
2458607.09459 12.931 0.012  K
2458611.01494 12.933 0.012  K
2458611.04324 12.931 0.012  K
2458611.09217 12.942 0.013  K
2458612.02691 12.923 0.011  K
2458612.05545 12.912 0.011  K
2458612.10734 12.922 0.012  K
2458613.02860 12.913 0.012  K
2458613.10326 12.926 0.012  K
2458613.99665 12.951 0.012  K
2458614.02501 12.915 0.012  K
2458614.07105 12.928 0.012  K
2458614.98068 12.920 0.012  K
2458615.00887 12.948 0.012  K
2458615.05694 12.947 0.013  K
2458615.98203 12.920 0.012  K
2458616.05797 12.910 0.012  K
2458616.97253 12.948 0.013  K
2458617.00032 12.945 0.014  K
2458617.04455 12.942 0.013  K
2458618.00319 12.939 0.016  K
2458618.00452 12.968 0.018  K
2458618.00584 12.919 0.017  K
2458618.95843 12.936 0.012  K
2458619.03498 12.936 0.012  K
2458619.97451 12.943 0.012  K
2458620.00231 12.935 0.012  K
2458620.05636 12.930 0.011  K
2458620.97831 12.945 0.012  K
2458621.00646 12.948 0.013  K
2458621.05689 12.919 0.012  K
2458621.97867 12.934 0.014  K
2458622.05598 12.983 0.017  K
2458623.00034 12.931 0.013  K
2458623.00164 12.927 0.013  K
2458623.00295 12.932 0.013  K
2458626.98960 12.927 0.012  K
2458627.01797 12.912 0.012  K
2458627.06700 12.946 0.013  K
2458627.96740 12.941 0.013  K
2458627.99588 12.937 0.013  K
2458628.04799 12.924 0.013  K
2458628.98544 12.937 0.012  K
2458629.06638 12.945 0.013  K
2458629.95837 12.987 0.015  K
2458629.98647 12.918 0.012  K
2458630.03481 12.966 0.018  K
2458630.96251 12.935 0.011  K
2458630.96384 12.917 0.011  K
2458630.96517 12.935 0.011  K
2458631.95915 12.916 0.011  K
2458632.03975 12.927 0.012  K
2458632.92661 12.935 0.012  K
2458632.95677 12.923 0.012  K
2458633.00296 12.920 0.012  K
2458633.91876 12.938 0.012  K
2458633.94800 12.948 0.014  K
2458633.99617 12.919 0.014  K
2458634.93897 12.938 0.014  K
2458635.01952 12.974 0.015  K
2458635.94790 12.929 0.013  K
2458635.94922 12.942 0.013  K
2458635.95056 12.934 0.013  K
2458636.92442 12.944 0.012  K
2458636.95258 12.944 0.012  K
2458637.00322 12.927 0.012  K
2458637.91047 12.953 0.014  K
2458637.98637 12.934 0.013  K
2458639.93876 12.933 0.012  K
2458639.96758 12.924 0.012  K
2458640.03951 12.941 0.012  K
2458641.94605 12.930 0.013  K
2458641.97437 12.941 0.013  K
2458642.01944 12.919 0.012  K
2458642.90321 12.933 0.013  K
2458642.94168 12.971 0.013  K
2458642.98597 12.931 0.013  K
2458643.93299 12.922 0.012  K
2458644.00773 12.919 0.012  K
2458644.89337 12.961 0.013  K
2458644.92197 12.940 0.012  K
2458644.97049 12.937 0.012  K
2458645.91334 12.950 0.013  K
2458645.91467 12.947 0.014  K
2458645.91599 12.939 0.013  K
2458646.89674 12.945 0.012  K
2458646.97745 12.910 0.013  K
2458647.91906 12.927 0.012  K
2458647.94709 12.920 0.012  K
2458647.99826 12.919 0.012  K
2458648.90966 12.928 0.012  K
2458648.93765 12.922 0.012  K
2458648.98858 12.926 0.011  K
2458649.89756 12.938 0.014  K
2458649.97432 12.932 0.014  K
2458653.88778 12.912 0.013  K
2458653.91552 12.936 0.012  K
2458653.96652 12.936 0.013  K
2458654.88680 12.929 0.012  K
2458654.91462 12.927 0.012  K
2458654.96436 12.913 0.012  K
2458655.89469 12.956 0.013  K
2458656.88744 12.936 0.013  K
2458659.88197 12.918 0.018  K
2458659.90973 12.950 0.015  K
2458659.95851 12.976 0.018  K
2458660.87559 12.923 0.013  K
2458660.90885 12.933 0.012  K
2458660.95321 12.954 0.015  K
2458662.93649 12.912 0.012  K
2458662.93781 12.926 0.012  K
2458662.93914 12.937 0.012  K
2458664.82576 12.936 0.012  K
2458664.90178 12.928 0.012  K
2458664.94818 12.894 0.011  K
2458664.97600 12.914 0.011  K
2458665.83487 12.931 0.013  K
2458665.86302 12.915 0.013  K
2458665.91605 12.943 0.012  K
2458665.95532 12.920 0.012  K
2458666.82815 12.935 0.012  K
2458666.85625 12.922 0.012  K
2458666.90444 12.920 0.012  K
2458666.94750 12.899 0.011  K
2458666.97545 12.925 0.012  K
2458667.83402 12.928 0.012  K
2458667.90754 12.898 0.011  K
2458667.95071 12.914 0.011  K
2458667.97900 12.927 0.012  K
2458668.83789 12.940 0.013  K
2458668.86587 12.934 0.013  K
2458668.91551 12.930 0.013  K
2458669.87618 12.958 0.012  K
2458669.90481 12.919 0.012  K
2458669.95245 12.909 0.012  K
2458671.84778 12.915 0.012  K
2458671.87666 12.913 0.012  K
2458671.92525 12.936 0.011  K
2458672.87167 12.982 0.018  K
2458672.87301 12.943 0.013  K
2458672.87435 13.115 0.022  K
2458674.81440 12.963 0.016  K
2458674.84838 12.949 0.013  K
2458674.90027 12.954 0.019  K
2458675.79290 12.987 0.017  K
2458675.82518 12.937 0.014  K
2458675.86936 12.908 0.013  K
2458676.79651 12.966 0.012  K
2458676.87844 12.920 0.012  K
2458677.85938 12.941 0.015  K
2458677.86070 12.972 0.016  K
2458677.86202 12.924 0.016  K
2458680.86523 12.923 0.012  K
2458680.89310 12.928 0.012  K
2458680.94166 12.916 0.012  K
2458708.74616 13.061 0.027  K
2458708.78298 12.960 0.013  K
2458708.84541 12.926 0.014  K
2458709.75078 13.001 0.018  K
2458709.78495 12.985 0.038  K
2458709.83252 12.919 0.016  K
2458710.75325 12.924 0.014  K
2458710.78144 12.935 0.014  K
2458710.83812 12.947 0.014  K
2458711.81607 12.929 0.012  K
2458711.84908 12.931 0.012  K
2458712.78918 12.974 0.018  K
2458712.84521 13.038 0.026  K
2458713.84791 12.931 0.014  K
2458714.74454 12.961 0.016  K
2458714.78012 12.944 0.015  K
2458714.83413 12.931 0.014  K
2458715.74442 12.966 0.021  K
2458715.77896 12.991 0.018  K
2458715.82652 12.911 0.018  K
2458716.82171 12.907 0.014  K
2458716.84998 12.924 0.013  K
2458717.79274 12.944 0.015  K
2458717.82652 12.933 0.016  K
2458718.76383 12.943 0.012  K
2458718.79833 12.899 0.017  K
2458718.84281 12.915 0.014  K
2458719.76068 12.940 0.013  K
2458719.79474 12.948 0.015  K
2458719.83940 12.909 0.012  K
2458721.75805 12.906 0.012  K
2458721.78980 12.914 0.012  K
2458721.83709 12.940 0.015  K
2458722.81005 12.930 0.015  K
2458722.83890 12.938 0.018  K
2458724.75492 12.959 0.016  K
2458724.79255 12.946 0.016  K
2458724.83819 12.897 0.013  K
2458733.76590 12.969 0.022  K
2458734.75974 12.955 0.014  K
2458734.79543 12.959 0.018  K
2458736.72711 12.912 0.014  K
2458736.75900 12.899 0.014  K
2458736.80824 12.888 0.014  K
