2457864.00708 12.311 0.010  H
2457865.00164 12.314 0.010  H
2457877.99738 12.242 0.010  H
2457878.96850 12.244 0.010  H
2457879.97625 12.222 0.010  H
2457880.96939 12.217 0.010  H
2457882.95435 12.237 0.011  H
2457883.96961 12.215 0.010  H
2457884.98194 12.199 0.010  H
2457885.97880 12.188 0.010  H
2457890.93126 12.151 0.010  H
2457891.93298 12.152 0.010  H
2457892.93569 12.165 0.010  H
2457894.91661 12.143 0.010  H
2457897.92923 12.150 0.011  H
2457899.95059 12.127 0.010  H
2457900.92438 12.131 0.010  H
2457901.93814 12.162 0.010  H
2457902.92406 12.127 0.010  H
2457904.93256 12.163 0.010  H
2457905.90894 12.144 0.010  H
2457907.91056 12.145 0.011  H
2457909.89192 12.134 0.010  H
2457910.87747 12.117 0.010  H
2457911.91544 12.135 0.010  H
2457912.88025 12.117 0.010  H
2457916.89226 12.136 0.010  H
2457917.88914 12.112 0.010  H
2457918.87610 12.145 0.010  H
2457924.85770 12.099 0.011  H
2457926.84079 12.058 0.010  H
2457927.87405 12.070 0.010  H
2457928.84612 12.052 0.010  H
2457929.83649 12.021 0.010  H
2457931.85484 11.988 0.010  H
2457932.83749 11.976 0.010  H
2457933.81793 11.978 0.011  H
2457934.81734 11.956 0.010  H
2457936.85120 11.917 0.010  H
2457937.81397 11.893 0.010  H
2457939.82217 11.886 0.011  H
2457943.78453 11.753 0.010  H
2457944.84911 11.762 0.010  H
2457945.84058 11.694 0.010  H
2457948.78945 11.643 0.011  H
2457949.80723 11.590 0.010  H
2457950.79172 11.592 0.010  H
2457951.78778 11.572 0.010  H
2457953.84012 11.528 0.010  H
2457954.76740 11.486 0.010  H
2457955.78323 11.505 0.010  H
2457958.75683 11.402 0.010  H
2457959.75621 11.395 0.010  H
2457960.75811 11.415 0.010  H
2457961.75481 11.357 0.010  H
2457964.75827 11.280 0.010  H
2457965.74510 11.292 0.010  H
2457966.75139 11.269 0.010  H
2457970.75090 11.214 0.010  H
2457971.75355 11.183 0.010  H
2457972.74312 11.144 0.010  H
2457974.82391 11.099 0.010  H
2457978.73922 11.009 0.010  H
2457980.73858 10.989 0.010  H
2457981.74353 10.994 0.010  H
2457982.74172 11.185 0.010  H
2457983.73504 10.961 0.010  H
2457988.74013 10.908 0.010  H
2457989.73910 10.896 0.010  H
2457992.74052 10.823 0.010  H
2457993.75069 10.820 0.010  H
2458281.89324 12.386 0.011  H
2458283.88159 12.419 0.011  H
2458284.89073 12.417 0.010  H
2458286.89851 12.428 0.011  H
2458292.86918 12.437 0.011  H
2458293.83211 11.964 0.014  H
2458298.85279 12.441 0.010  H
2458299.86678 12.452 0.011  H
2458304.87346 12.444 0.010  H
2457930.84159 10.514 0.010  K
2457967.74774 10.416 0.010  K
