2457864.09137 16.032 0.065  H
2457865.08321 16.031 0.077  H
2457878.08694 16.015 0.101  H
2457879.05924 16.005 0.056  H
2457880.06627 16.032 0.055  H
2457881.05604 15.978 0.053  H
2457883.04069 16.030 0.122  H
2457884.05459 16.011 0.063  H
2457885.07201 16.029 0.073  H
2457886.06988 16.031 0.098  H
2457891.01633 16.068 0.062  H
2457892.02118 16.038 0.065  H
2457893.02609 15.981 0.088  H
2457895.05670 16.000 0.065  H
2457898.01888 16.037 0.080  H
2457900.03975 16.060 0.071  H
2457901.01516 16.035 0.097  H
2457902.03872 16.074 0.068  H
2457905.02011 16.059 0.073  H
2457906.00189 16.015 0.063  H
2457908.00791 16.020 0.068  H
2457909.98221 16.002 0.074  H
2457910.97178 15.971 0.061  H
2457911.99919 16.162 0.158  H
2457912.96273 15.977 0.082  H
2457916.98033 15.985 0.061  H
2457917.97715 16.009 0.079  H
2457918.96307 15.996 0.069  H
2457924.94147 15.921 0.073  H
2457926.92292 15.952 0.063  H
2457927.95956 15.999 0.058  H
2457928.93282 15.914 0.063  H
2457929.93279 15.960 0.056  H
2457932.92617 15.773 0.106  H
2457933.90651 15.869 0.064  H
2457934.89984 15.962 0.061  H
2457936.93652 15.939 0.069  H
2457937.90565 15.927 0.056  H
2457939.90895 15.850 0.098  H
2457945.93762 15.793 0.055  H
2457949.89248 15.718 0.059  H
2457950.88059 15.726 0.057  H
2457951.87388 15.703 0.048  H
2457953.92821 15.622 0.046  H
2457954.84926 15.572 0.044  H
2457955.86576 15.523 0.081  H
2457958.84655 15.443 0.033  H
2457959.84648 15.367 0.057  H
2457960.85676 15.335 0.035  H
2457961.85157 15.285 0.050  H
2457964.84641 15.279 0.034  H
2457966.83575 15.356 0.040  H
2457970.84725 15.503 0.049  H
2457971.84343 15.461 0.052  H
2457972.82694 15.492 0.045  H
2457974.88271 15.535 0.087  H
2457976.84653 15.601 0.041  H
2457977.83264 15.635 0.041  H
2457978.82931 15.636 0.046  H
2457980.82640 15.666 0.058  H
2457981.82539 15.555 0.069  H
2457983.81817 15.660 0.062  H
2457989.79429 14.437 0.030  H
2457991.79595 14.284 0.028  H
2457992.80203 14.106 0.015  H
2457993.84211 14.247 0.017  H
2457487.09609 15.962 0.063  H
2457487.14090 15.931 0.059  H
2457488.07135 15.978 0.068  H
2457488.11742 15.883 0.079  H
2457489.07389 15.949 0.061  H
2457489.13010 15.914 0.064  H
2457490.07974 15.873 0.060  H
2457490.13032 15.900 0.063  H
2457491.08859 15.917 0.070  H
2457491.13421 15.856 0.080  H
2457492.08576 15.683 0.100  H
2457493.07539 15.811 0.101  H
2457493.12005 15.836 0.088  H
2457494.06544 15.953 0.064  H
2457494.11094 15.913 0.073  H
2457495.06895 15.908 0.066  H
2457495.11983 15.934 0.064  H
2457496.05822 15.564 0.113  H
2457497.12093 15.757 0.092  H
2457498.03955 15.923 0.067  H
2457498.08492 15.880 0.066  H
2457499.07079 15.860 0.091  H
2457499.11500 15.882 0.096  H
2457500.05162 15.935 0.062  H
2457500.09768 15.836 0.062  H
2457501.03345 15.874 0.072  H
2457501.07853 15.887 0.086  H
2457502.04503 15.802 0.100  H
2457502.08948 15.804 0.092  H
2457503.03988 15.926 0.094  H
2457503.08491 15.893 0.069  H
2457507.03992 15.908 0.071  H
2457507.09035 15.909 0.064  H
2457508.05232 15.932 0.064  H
2457508.09713 15.922 0.078  H
2457509.04362 15.852 0.073  H
2457509.09542 15.954 0.061  H
2457510.01486 15.871 0.079  H
2457510.12076 15.893 0.070  H
2457511.02536 15.875 0.086  H
2457511.07449 15.644 0.112  H
2457512.02976 15.931 0.066  H
2457512.08183 15.850 0.078  H
2457513.01083 15.931 0.068  H
2457513.05831 15.984 0.067  H
2457515.00360 15.862 0.062  H
2457515.04915 15.989 0.072  H
2457515.99934 15.826 0.081  H
2457516.04512 15.971 0.075  H
2457517.01175 15.866 0.083  H
2457517.05525 15.828 0.106  H
2457519.02580 15.609 0.114  H
2457520.03075 15.746 0.094  H
2457520.07663 16.002 0.086  H
2457521.03132 15.839 0.074  H
2457521.07448 15.909 0.062  H
2457523.04832 15.901 0.067  H
2457523.11421 15.980 0.103  H
2457524.02277 15.871 0.068  H
2457524.08623 15.894 0.076  H
2457525.00649 15.798 0.100  H
2457525.99974 15.869 0.075  H
2457526.04397 15.891 0.074  H
2457527.00386 15.915 0.068  H
2457527.05476 15.964 0.066  H
2457527.97892 15.840 0.099  H
2457528.02422 15.866 0.084  H
2457528.98172 15.925 0.083  H
2457529.02977 15.983 0.084  H
2457529.97096 15.859 0.087  H
2457530.02800 15.890 0.093  H
2457531.00647 15.952 0.086  H
2457531.05407 15.896 0.083  H
2457531.99120 15.846 0.068  H
2457532.03830 15.976 0.070  H
2457535.03745 15.881 0.076  H
2457535.08990 15.843 0.095  H
2457536.01343 15.848 0.073  H
2457536.06196 15.886 0.070  H
2457537.97894 15.682 0.104  H
2457538.07227 15.707 0.081  H
2457538.99689 15.800 0.076  H
2457539.04063 15.968 0.068  H
2457539.94814 15.873 0.082  H
2457539.99655 15.794 0.092  H
2457540.97337 15.961 0.084  H
2457541.02639 16.046 0.101  H
2457541.94921 16.000 0.075  H
2457541.99578 15.954 0.074  H
2457542.04776 15.936 0.072  H
2457542.92316 15.906 0.079  H
2457542.97123 15.857 0.104  H
2457543.02272 15.870 0.076  H
2457543.95689 15.931 0.094  H
2457544.00615 15.930 0.102  H
2457544.05357 15.726 0.111  H
2457544.92449 15.888 0.079  H
2457544.97408 15.938 0.095  H
2457545.01797 15.927 0.073  H
2457545.93871 15.856 0.073  H
2457545.98776 16.016 0.125  H
2457546.03215 15.892 0.077  H
2457546.90978 15.880 0.078  H
2457546.95660 15.843 0.090  H
2457547.00108 15.963 0.076  H
2457547.94929 15.901 0.067  H
2457547.99328 15.945 0.067  H
2457548.04001 15.806 0.084  H
2457548.95553 15.921 0.064  H
2457548.99989 15.903 0.073  H
2457549.05878 15.993 0.077  H
2457549.94453 15.904 0.063  H
2457549.99919 15.892 0.061  H
2457550.04450 15.924 0.074  H
2457550.93515 15.897 0.069  H
2457550.98034 15.842 0.077  H
2457551.02981 15.940 0.097  H
2457554.94518 15.973 0.092  H
2457554.99255 15.936 0.068  H
2457555.03563 15.946 0.099  H
2457555.90661 15.939 0.064  H
2457555.95003 15.986 0.068  H
2457556.00217 15.840 0.082  H
2457558.91927 15.936 0.060  H
2457558.96553 15.957 0.072  H
2457559.00973 15.897 0.079  H
2457561.91439 16.010 0.082  H
2457561.96431 15.943 0.077  H
2457562.01316 15.919 0.084  H
2457562.86743 16.068 0.135  H
2457562.91574 15.978 0.101  H
2457562.96120 15.853 0.094  H
2457563.90264 15.941 0.086  H
2457563.94628 15.960 0.085  H
2457564.89829 15.903 0.066  H
2457564.94316 15.960 0.072  H
2457564.99334 15.910 0.089  H
2457567.95598 15.985 0.126  H
2457573.84260 15.871 0.064  H
2457573.89255 15.889 0.070  H
2457573.93994 15.915 0.072  H
2457574.85177 15.986 0.096  H
2457574.90161 15.976 0.126  H
2457574.94680 15.914 0.089  H
2457575.88375 15.930 0.057  H
2457575.94021 16.038 0.072  H
2457576.85488 15.912 0.096  H
2457576.90190 15.880 0.104  H
2457576.95074 15.888 0.080  H
2457577.83107 15.875 0.095  H
2457577.87759 15.885 0.076  H
2457577.92446 15.786 0.095  H
2458222.10144 16.052 0.067  H
2458234.13586 16.021 0.067  H
2458254.01732 16.143 0.093  H
2458255.02770 16.022 0.095  H
2458257.04243 16.026 0.089  H
2458259.03822 16.058 0.085  H
2458260.03596 15.950 0.119  H
2458261.01330 16.062 0.062  H
2458262.00904 16.082 0.082  H
2458263.99052 16.035 0.088  H
2458265.02350 15.987 0.082  H
2458266.03371 16.037 0.073  H
2458266.97614 16.012 0.103  H
2458272.00190 16.075 0.115  H
2458273.04495 15.984 0.090  H
2458273.98947 15.994 0.121  H
2458274.97010 16.025 0.128  H
2458279.95149 16.001 0.073  H
2458281.94882 16.068 0.082  H
2458282.94821 16.005 0.075  H
2458283.94132 15.998 0.107  H
2458284.95464 15.978 0.078  H
2458286.95831 15.987 0.098  H
2458291.94298 16.030 0.087  H
2458292.92814 15.889 0.102  H
2458294.94782 16.047 0.080  H
2458298.91301 16.041 0.067  H
2458299.92545 15.949 0.112  H
2458300.96311 16.018 0.072  H
2458303.98243 16.052 0.080  H
2458304.93383 16.101 0.072  H
2458305.91749 16.038 0.060  H
2458308.90910 15.998 0.091  H
2458309.88307 15.997 0.066  H
2458310.91248 16.015 0.061  H
2458311.91353 15.907 0.120  H
2458315.91374 16.031 0.065  H
2458316.91967 15.889 0.139  H
2458319.93335 16.016 0.111  H
2458321.87176 16.016 0.073  H
2458327.87736 15.914 0.071  H
2458328.82878 16.059 0.112  H
2458330.82232 15.992 0.076  H
2458331.82695 15.992 0.121  H
2458333.83333 16.024 0.106  H
2458335.88045 16.033 0.084  H
2458336.81293 15.998 0.064  H
2458311.91353 16.810 0.390  H
2458671.90875 17.049 0.363  H
2458590.09560 16.068 0.065  H
2458591.10663 16.095 0.100  H
2458592.10526 16.091 0.119  H
2458593.10220 16.010 0.108  H
2458594.10096 16.036 0.085  H
2458595.09708 16.050 0.066  H
2458599.08858 16.064 0.077  H
2458600.08980 16.059 0.076  H
2458601.08881 16.126 0.085  H
2458605.07428 16.108 0.065  H
2458606.08542 16.083 0.075  H
2458607.07242 16.075 0.086  H
2458611.07511 16.058 0.083  H
2458612.08997 16.098 0.069  H
2458614.05379 16.086 0.079  H
2458615.04028 16.088 0.080  H
2458616.04111 16.074 0.071  H
2458617.02778 16.122 0.114  H
2458619.01832 16.055 0.080  H
2458620.03966 16.069 0.066  H
2458621.04009 16.051 0.087  H
2458622.03932 16.135 0.115  H
2458627.04983 16.080 0.079  H
2458628.03098 16.060 0.098  H
2458629.04928 16.098 0.092  H
2458630.01800 15.958 0.117  H
2458632.01538 16.051 0.070  H
2458632.98560 16.050 0.068  H
2458633.97950 16.199 0.202  H
2458635.00285 16.028 0.101  H
2458636.98643 16.129 0.086  H
2458637.96972 16.021 0.098  H
2458640.02280 16.101 0.090  H
2458642.00249 16.054 0.091  H
2458642.96928 16.092 0.098  H
2458643.99114 16.050 0.077  H
2458644.95392 16.089 0.113  H
2458646.96072 16.069 0.076  H
2458647.98152 16.088 0.092  H
2458648.97184 16.097 0.089  H
2458649.95742 16.093 0.117  H
2458653.94762 15.996 0.086  H
2458654.94753 16.064 0.069  H
2458660.93662 16.097 0.085  H
2458664.88524 16.074 0.067  H
2458665.00393 16.061 0.072  H
2458665.89917 16.163 0.082  H
2458666.88787 16.056 0.063  H
2458667.00341 16.318 0.099  H
2458668.89895 16.031 0.101  H
2458669.93594 16.126 0.076  H
2458671.90875 16.066 0.068  H
2458674.88031 16.294 0.284  H
2458675.85278 16.060 0.101  H
2458676.86179 16.095 0.080  H
2458680.92502 16.070 0.077  H
2458708.82087 16.127 0.100  H
2458710.81450 16.026 0.128  H
2458712.87316 14.990 0.297  H
2458714.81333 16.038 0.110  H
2458717.85427 16.031 0.138  H
2458718.82626 16.069 0.134  H
2458719.82284 16.065 0.102  H
2458721.82044 16.038 0.106  H
2458724.82035 16.040 0.082  H
2458736.78722 16.024 0.097  H
