2458222.03783 15.238 0.064  K
2458234.06155 15.186 0.079  K
2458236.05941 15.279 0.092  K
2458236.06071 14.673 0.110  K
2458236.06637 15.297 0.141  K
2458253.95258 15.004 0.051  K
2458254.00267 14.968 0.053  K
2458254.96332 14.946 0.042  K
2458255.95641 14.913 0.048  K
2458256.97775 14.963 0.047  K
2458257.02780 14.942 0.048  K
2458257.07247 14.956 0.048  K
2458257.96623 14.879 0.088  K
2458258.05967 14.941 0.081  K
2458258.97370 14.940 0.089  K
2458259.02439 14.931 0.048  K
2458259.07388 14.982 0.062  K
2458259.97183 14.923 0.084  K
2458260.02196 14.956 0.056  K
2458260.07283 14.948 0.047  K
2458260.94623 14.937 0.039  K
2458261.04400 14.929 0.035  K
2458261.94448 14.955 0.043  K
2458261.99507 14.952 0.053  K
2458262.04959 14.912 0.040  K
2458262.97864 14.952 0.053  K
2458262.97993 14.933 0.048  K
2458262.98169 14.961 0.050  K
2458263.92731 14.972 0.061  K
2458264.02172 14.970 0.054  K
2458265.00991 14.905 0.051  K
2458265.05341 14.928 0.052  K
2458265.96318 14.967 0.066  K
2458266.06387 14.965 0.055  K
2458266.91225 15.013 0.089  K
2458267.00597 14.937 0.058  K
2458272.07924 14.874 0.137  K
2458272.97491 14.984 0.070  K
2458273.03113 14.906 0.057  K
2458273.07535 14.918 0.049  K
2458273.92064 14.917 0.083  K
2458274.90007 14.996 0.124  K
2458274.95564 14.904 0.097  K
2458275.00132 14.855 0.093  K
2458275.92505 14.998 0.103  K
2458275.92635 14.870 0.080  K
2458275.92767 14.898 0.078  K
2458279.88220 13.946 0.023  K
2458279.98184 13.961 0.019  K
2458281.91854 14.005 0.027  K
2458282.88052 13.956 0.020  K
2458282.97870 13.947 0.019  K
2458283.97764 13.821 0.019  K
2458284.91931 13.455 0.016  K
2458284.99056 13.416 0.015  K
2458285.90611 14.198 0.027  K
2458286.99461 14.932 0.043  K
2458290.87232 14.807 0.045  K
2458290.87361 14.837 0.034  K
2458290.87559 14.851 0.037  K
2458291.87036 14.817 0.073  K
2458292.89433 14.766 0.046  K
2458292.96403 14.768 0.047  K
2458293.85687 14.698 0.038  K
2458294.87576 14.656 0.035  K
2458298.87762 14.434 0.025  K
2458298.94947 14.449 0.029  K
2458299.89180 14.444 0.035  K
2458299.96389 14.439 0.040  K
2458300.88891 14.458 0.028  K
2458300.99364 14.463 0.029  K
2458303.91774 14.625 0.085  K
2458304.89813 14.632 0.028  K
2458304.97061 14.641 0.028  K
2458305.83896 14.726 0.044  K
2458305.90363 14.698 0.038  K
2458305.94744 14.754 0.037  K
2458307.85683 14.641 0.084  K
2458307.85814 14.771 0.079  K
2458309.81599 14.939 0.053  K
2458309.91963 14.905 0.039  K
2458310.84107 14.951 0.051  K
2458310.89874 14.918 0.054  K
2458310.94242 14.890 0.042  K
2458311.84443 14.981 0.068  K
2458311.89951 14.899 0.063  K
2458311.94464 14.934 0.084  K
2458312.82642 14.993 0.047  K
2458312.91767 14.986 0.086  K
2458315.84869 15.064 0.048  K
2458315.94658 15.048 0.059  K
2458316.85534 14.989 0.114  K
2458316.90589 15.062 0.091  K
2458316.95559 15.079 0.132  K
2458317.87072 15.120 0.068  K
2458317.87208 15.066 0.057  K
2458317.87339 15.018 0.055  K
2458321.80557 15.188 0.096  K
2458327.81188 15.201 0.054  K
2458328.75962 15.310 0.120  K
2458328.81454 15.257 0.097  K
2458329.78143 15.338 0.122  K
2458329.78273 15.303 0.115  K
2458329.78403 15.105 0.150  K
2458330.75406 15.184 0.098  K
2458330.85458 15.197 0.057  K
2458331.85887 15.256 0.130  K
2458332.78661 15.065 0.135  K
2458333.74903 15.278 0.078  K
2458333.86326 15.416 0.263  K
2458335.81248 15.307 0.069  K
2458335.86127 15.272 0.075  K
2458336.74292 15.312 0.069  K
2458336.84258 15.300 0.052  K
2457864.01531 15.394 0.058  K
2457864.07569 15.374 0.058  K
2457864.12153 15.400 0.051  K
2457865.00992 15.392 0.057  K
2457865.11315 15.328 0.093  K
2457878.07334 15.400 0.082  K
2457878.11701 15.396 0.058  K
2457878.97674 15.374 0.052  K
2457879.03799 15.390 0.053  K
2457879.08921 15.406 0.046  K
2457879.98454 15.363 0.052  K
2457880.09628 15.373 0.048  K
2457880.97800 15.408 0.047  K
2457881.04251 15.348 0.043  K
2457881.08600 15.382 0.046  K
2457881.97655 15.395 0.055  K
2457881.97786 15.384 0.056  K
2457881.97914 15.408 0.058  K
2457882.96367 15.212 0.127  K
2457883.07069 15.429 0.083  K
2457883.97807 15.374 0.064  K
2457884.04096 15.402 0.051  K
2457884.09220 15.398 0.049  K
2457884.99024 15.412 0.072  K
2457885.05741 15.387 0.051  K
2457885.10727 15.390 0.059  K
2457885.98880 15.372 0.076  K
2457886.10097 15.253 0.187  K
2457886.98467 15.412 0.074  K
2457886.98598 15.400 0.069  K
2457886.98727 15.368 0.072  K
2457890.93952 15.400 0.064  K
2457891.00273 15.386 0.054  K
2457891.94132 15.391 0.055  K
2457892.05121 15.373 0.045  K
2457892.94423 15.420 0.098  K
2457893.01254 15.383 0.067  K
2457893.05828 15.400 0.070  K
2457893.94595 15.389 0.057  K
2457893.94726 15.350 0.056  K
2457894.92490 15.422 0.064  K
2457895.08666 15.408 0.055  K
2457897.93863 15.404 0.067  K
2457898.04955 15.382 0.053  K
2457898.96164 15.392 0.056  K
2457898.96300 15.459 0.059  K
2457899.95923 15.380 0.053  K
2457900.02065 15.434 0.064  K
2457900.06973 15.404 0.059  K
2457900.93336 15.349 0.068  K
2457901.04562 15.401 0.062  K
2457901.94660 15.357 0.051  K
2457902.06893 15.389 0.058  K
2457902.93265 15.385 0.058  K
2457903.91901 15.412 0.067  K
2457904.03795 15.400 0.050  K
2457904.94081 15.408 0.055  K
2457905.00092 15.415 0.064  K
2457905.05007 15.406 0.058  K
2457905.97763 15.423 0.048  K
2457906.03186 15.424 0.049  K
2457907.92563 15.453 0.091  K
2457907.99383 15.357 0.070  K
2457908.03776 15.378 0.062  K
2457909.90022 15.422 0.068  K
2457910.01236 15.392 0.061  K
2457910.88585 15.345 0.068  K
2457910.94652 15.332 0.055  K
2457911.00253 15.369 0.061  K
2457911.92370 15.455 0.064  K
2457911.98381 15.435 0.060  K
2457912.88894 15.409 0.067  K
2457912.99253 15.406 0.079  K
2457916.90086 15.401 0.049  K
2457916.96666 15.420 0.051  K
2457917.01649 15.350 0.057  K
2457917.89778 15.347 0.070  K
2457917.96337 15.349 0.062  K
2457918.01115 15.298 0.087  K
2457918.99323 15.372 0.059  K
2457920.90194 15.405 0.059  K
2457920.90325 15.417 0.059  K
2457920.90453 15.358 0.060  K
2457924.86620 15.452 0.104  K
2457924.97126 15.437 0.071  K
2457925.86961 15.366 0.061  K
2457925.87089 15.366 0.062  K
2457925.87219 15.379 0.065  K
2457926.84911 15.394 0.059  K
2457926.90924 15.373 0.062  K
2457926.95887 15.360 0.047  K
2457927.88230 15.433 0.055  K
2457927.98985 15.370 0.050  K
2457928.85441 15.370 0.062  K
2457928.91911 15.347 0.076  K
2457928.96940 15.375 0.048  K
2457929.84549 15.412 0.072  K
2457929.91266 15.396 0.055  K
2457929.96278 15.429 0.053  K
2457930.85015 15.448 0.058  K
2457930.96198 15.394 0.060  K
2457931.89254 15.399 0.045  K
2457932.84595 15.423 0.198  K
2457932.91247 15.347 0.127  K
2457932.96057 15.545 0.146  K
2457933.82790 15.489 0.152  K
2457934.82567 15.404 0.081  K
2457934.88612 15.393 0.061  K
2457934.92964 15.400 0.056  K
2457935.84066 15.349 0.072  K
2457935.84211 15.406 0.063  K
2457935.84342 15.379 0.069  K
2457936.85942 15.440 0.084  K
2457936.96624 15.364 0.060  K
2457937.82238 15.405 0.052  K
2457937.89156 15.404 0.047  K
2457937.93583 15.446 0.048  K
2457939.83147 15.310 0.129  K
2457939.94018 15.374 0.129  K
2457944.93823 15.733 0.160  K
2457945.84905 15.374 0.052  K
2457945.96802 15.411 0.067  K
2457947.80974 15.376 0.076  K
2457947.81105 15.340 0.074  K
2457947.81236 15.405 0.075  K
2457948.79777 15.535 0.194  K
2457949.81626 15.407 0.083  K
2457949.87852 15.350 0.082  K
2457949.92229 15.397 0.077  K
2457950.80075 15.407 0.047  K
2457950.86676 15.402 0.051  K
2457951.79609 15.387 0.051  K
2457951.90363 15.373 0.065  K
2457952.83562 15.363 0.055  K
2457952.83692 15.369 0.057  K
2457953.84842 15.364 0.057  K
2457953.91299 15.396 0.053  K
2457953.95817 15.442 0.067  K
2457954.77571 15.431 0.080  K
2457954.87898 15.462 0.061  K
2457955.79218 15.448 0.088  K
2457955.85199 15.396 0.078  K
2457955.89547 15.380 0.074  K
2457957.77122 15.425 0.129  K
2457957.87899 15.489 0.111  K
2457958.76513 15.371 0.055  K
2457958.83282 15.446 0.050  K
2457958.88354 15.396 0.050  K
2457959.76457 15.383 0.102  K
2457959.83212 15.487 0.103  K
2457959.87625 15.288 0.083  K
2457960.77226 15.415 0.067  K
2457960.89052 15.633 0.146  K
2457961.76314 15.382 0.070  K
2457961.83750 15.458 0.075  K
2457961.88943 15.353 0.099  K
2457964.76654 15.375 0.062  K
2457964.83249 15.403 0.054  K
2457964.87611 15.384 0.062  K
2457965.75343 15.409 0.091  K
2457965.82521 15.465 0.179  K
2457966.76000 15.417 0.074  K
2457966.86574 15.388 0.066  K
2457967.76360 15.372 0.058  K
2457967.76489 15.402 0.061  K
2457967.76619 15.376 0.056  K
2457970.75923 15.429 0.076  K
2457970.83342 15.372 0.059  K
2457970.88835 15.330 0.069  K
2457971.76238 15.434 0.073  K
2457971.82342 15.395 0.073  K
2457971.87414 15.395 0.061  K
2457972.75203 15.426 0.068  K
2457972.85713 15.419 0.120  K
2457974.84914 15.331 0.081  K
2457976.75029 15.362 0.060  K
2457976.82881 15.434 0.052  K
2457976.87892 15.403 0.055  K
2457977.75082 15.364 0.054  K
2457977.81875 15.431 0.056  K
2457977.86252 15.354 0.050  K
2457978.74773 15.386 0.051  K
2457978.85894 15.412 0.051  K
2457979.75474 15.318 0.093  K
2457979.75619 15.384 0.082  K
2457979.75750 15.417 0.067  K
2457980.74707 15.364 0.059  K
2457980.80768 15.340 0.067  K
2457980.85673 15.396 0.060  K
2457981.75212 15.424 0.116  K
2457981.86142 15.391 0.056  K
2457982.75046 15.153 0.119  K
2457982.81467 15.362 0.129  K
2457982.85958 15.433 0.088  K
2457983.74425 15.428 0.086  K
2457983.80434 15.408 0.067  K
2457983.85349 15.354 0.060  K
2457985.78178 15.375 0.055  K
2457988.83906 15.409 0.109  K
2457989.76379 15.401 0.072  K
2457990.76456 15.402 0.059  K
2457991.76548 15.426 0.049  K
2457992.76499 15.394 0.057  K
2457992.83840 15.390 0.051  K
2457993.81133 15.478 0.127  K
2458590.02704 15.384 0.054  K
2458590.07763 15.372 0.054  K
2458590.12570 15.448 0.062  K
2458591.03846 15.380 0.119  K
2458591.08758 15.389 0.096  K
2458591.14175 15.414 0.065  K
2458592.04271 15.334 0.106  K
2458592.13560 15.313 0.138  K
2458593.03799 15.341 0.082  K
2458593.08833 15.321 0.066  K
2458593.13271 15.361 0.079  K
2458594.03746 15.360 0.060  K
2458594.08721 15.363 0.065  K
2458594.13162 15.322 0.059  K
2458595.03400 15.406 0.055  K
2458595.12925 15.335 0.059  K
2458599.01844 15.385 0.068  K
2458599.06875 15.380 0.058  K
2458599.12012 15.354 0.059  K
2458600.01893 15.382 0.054  K
2458600.06907 15.378 0.066  K
2458600.12035 15.362 0.059  K
2458601.01379 15.335 0.084  K
2458601.11966 15.347 0.061  K
2458605.00848 15.407 0.053  K
2458605.06051 15.373 0.048  K
2458605.10468 15.396 0.054  K
2458605.99296 15.399 0.072  K
2458606.07167 15.379 0.053  K
2458606.11582 15.352 0.060  K
2458606.99728 15.367 0.064  K
2458607.10856 15.371 0.063  K
2458611.00657 15.368 0.068  K
2458611.05716 15.382 0.079  K
2458611.10661 15.381 0.066  K
2458612.01857 15.422 0.057  K
2458612.06984 15.466 0.057  K
2458612.12160 15.379 0.059  K
2458613.02035 15.409 0.062  K
2458613.11775 15.336 0.069  K
2458613.98848 15.398 0.065  K
2458614.03979 15.395 0.063  K
2458614.08843 15.394 0.064  K
2458614.97251 15.376 0.060  K
2458615.02288 15.400 0.070  K
2458615.07077 15.567 0.098  K
2458615.07209 15.427 0.081  K
2458615.97255 15.351 0.077  K
2458616.07173 15.369 0.060  K
2458616.96436 15.384 0.089  K
2458617.01400 15.376 0.072  K
2458617.06380 15.365 0.083  K
2458617.97856 15.419 0.101  K
2458617.97988 15.300 0.099  K
2458617.98118 15.278 0.098  K
2458618.95026 15.393 0.066  K
2458619.04869 15.364 0.065  K
2458619.96634 15.399 0.063  K
2458620.01633 15.346 0.060  K
2458620.07033 15.351 0.076  K
2458620.97016 15.347 0.067  K
2458621.02018 15.359 0.073  K
2458621.07059 15.402 0.069  K
2458621.97051 15.353 0.091  K
2458622.07777 15.301 0.085  K
2458622.97584 15.414 0.121  K
2458622.97715 15.265 0.100  K
2458622.97847 15.338 0.108  K
2458626.98130 15.416 0.062  K
2458627.03256 15.323 0.061  K
2458627.08113 15.345 0.061  K
2458627.95908 15.375 0.063  K
2458628.00997 15.346 0.084  K
2458628.06213 15.421 0.088  K
2458628.97679 15.385 0.064  K
2458629.08052 15.336 0.125  K
2458629.95009 15.369 0.091  K
2458630.04882 15.396 0.100  K
2458630.93714 15.349 0.053  K
2458630.93853 15.395 0.054  K
2458630.93986 15.371 0.052  K
2458631.95091 15.403 0.056  K
2458632.05351 15.390 0.060  K
2458632.91841 15.388 0.062  K
2458633.01667 15.393 0.056  K
2458633.91057 15.348 0.118  K
2458633.96174 15.354 0.079  K
2458634.00991 15.349 0.069  K
2458634.93074 15.381 0.106  K
2458635.03329 15.327 0.110  K
2458635.92364 15.379 0.075  K
2458635.92497 15.285 0.068  K
2458635.92630 15.362 0.067  K
2458636.91609 15.400 0.069  K
2458636.96632 15.346 0.066  K
2458637.01723 15.397 0.064  K
2458637.90227 15.315 0.087  K
2458638.00009 15.396 0.095  K
2458639.93043 15.349 0.060  K
2458639.98193 15.397 0.079  K
2458640.05333 15.405 0.074  K
2458641.98835 15.441 0.085  K
2458642.89501 15.420 0.086  K
2458642.95539 15.390 0.073  K
2458642.99979 15.405 0.085  K
2458643.92479 15.559 0.077  K
2458644.02139 15.377 0.065  K
2458644.88518 15.364 0.061  K
2458644.93904 15.399 0.073  K
2458645.88892 15.325 0.059  K
2458645.89024 15.369 0.056  K
2458645.89154 15.313 0.052  K
2458646.88850 15.362 0.065  K
2458646.99235 15.409 0.075  K
2458647.91083 15.400 0.054  K
2458647.96090 15.362 0.060  K
2458648.01205 15.366 0.064  K
2458648.90144 15.372 0.060  K
2458648.95141 15.411 0.114  K
2458649.00250 15.380 0.074  K
2458649.88935 15.462 0.109  K
2458649.98801 15.460 0.101  K
2458653.87960 15.409 0.134  K
2458653.92915 15.386 0.060  K
2458653.98052 15.413 0.079  K
2458654.87860 15.381 0.056  K
2458654.92826 15.402 0.067  K
2458654.97825 15.419 0.061  K
2458655.88629 15.376 0.085  K
2458656.87886 15.390 0.083  K
2458659.87350 15.449 0.200  K
2458659.92580 15.384 0.102  K
2458659.97217 15.322 0.142  K
2458660.86734 15.462 0.075  K
2458660.92248 15.394 0.066  K
2458660.97017 15.381 0.084  K
2458662.91197 15.385 0.067  K
2458662.91353 15.305 0.063  K
2458662.91484 15.304 0.071  K
2458664.81759 15.360 0.059  K
2458664.91541 15.398 0.059  K
2458664.93980 15.391 0.049  K
2458664.98964 15.405 0.060  K
2458665.82668 15.414 0.084  K
2458665.87667 15.407 0.079  K
2458665.94713 15.397 0.056  K
2458666.81991 15.452 0.072  K
2458666.86990 15.420 0.054  K
2458666.91813 15.401 0.064  K
2458666.93928 15.376 0.051  K
2458666.98907 15.380 0.067  K
2458667.82580 15.361 0.062  K
2458667.92121 15.398 0.064  K
2458667.94254 15.377 0.055  K
2458667.99266 15.399 0.059  K
2458668.82969 15.409 0.072  K
2458668.87969 15.395 0.078  K
2458668.92919 15.399 0.094  K
2458669.86790 15.369 0.059  K
2458669.91847 15.410 0.059  K
2458669.96685 15.468 0.066  K
2458671.83958 15.404 0.059  K
2458671.89460 15.399 0.057  K
2458671.93896 15.402 0.059  K
2458672.84655 15.428 0.127  K
2458672.84816 15.253 0.095  K
2458672.84951 15.296 0.095  K
2458674.80614 15.376 0.131  K
2458674.86599 15.386 0.073  K
2458674.95925 15.375 0.097  K
2458675.78469 15.400 0.124  K
2458675.83881 15.374 0.093  K
2458675.89093 15.385 0.068  K
2458676.78827 15.367 0.063  K
2458676.89207 15.335 0.059  K
2458677.83306 15.365 0.129  K
2458677.83439 15.257 0.109  K
2458677.83572 15.261 0.109  K
2458680.85701 15.374 0.059  K
2458680.90697 15.356 0.059  K
2458680.95596 15.442 0.119  K
2458708.73771 15.508 0.138  K
2458708.80021 15.358 0.071  K
2458708.86847 15.384 0.080  K
2458709.74253 15.318 0.135  K
2458709.79909 15.372 0.117  K
2458710.74499 15.411 0.108  K
2458710.80034 15.372 0.073  K
2458710.85172 15.363 0.070  K
2458711.80778 15.374 0.061  K
2458711.86277 15.405 0.084  K
2458712.78090 15.393 0.153  K
2458712.85881 15.493 0.192  K
2458713.83957 15.364 0.079  K
2458714.79899 15.437 0.108  K
2458714.84948 15.375 0.070  K
2458715.73614 15.405 0.148  K
2458715.79262 15.341 0.139  K
2458715.84425 15.333 0.130  K
2458716.81344 15.382 0.079  K
2458717.84014 15.397 0.093  K
2458718.75557 15.442 0.088  K
2458719.80836 15.428 0.126  K
2458721.74973 15.389 0.074  K
2458721.80633 15.390 0.084  K
2458724.73321 15.395 0.124  K
2458724.80618 15.394 0.105  K
2458734.75146 15.369 0.085  K
2458735.75822 15.468 0.126  K
2458736.71880 15.375 0.089  K
2458736.77260 15.361 0.082  K
