2457864.09818 16.916 0.117  H
2457865.08986 16.884 0.138  H
2457878.09369 16.930 0.156  H
2457879.06591 17.100 0.130  H
2457880.07292 17.135 0.151  H
2457881.06270 16.972 0.117  H
2457883.04737 16.856 0.169  H
2457884.06821 16.921 0.123  H
2457885.07930 16.910 0.153  H
2457886.07677 16.907 0.245  H
2457891.02298 17.218 0.172  H
2457892.02784 16.929 0.124  H
2457893.03275 16.954 0.199  H
2457895.06338 16.932 0.137  H
2457898.02629 16.944 0.183  H
2457900.04644 17.068 0.165  H
2457901.02191 16.963 0.159  H
2457902.04564 16.888 0.126  H
2457905.02678 16.998 0.142  H
2457908.01458 16.914 0.196  H
2457909.98889 17.148 0.181  H
2457910.97845 17.040 0.165  H
2457912.00587 17.132 0.272  H
2457912.96940 16.919 0.192  H
2457916.98701 17.064 0.145  H
2457917.98384 17.096 0.242  H
2457918.96997 17.391 0.288  H
2457924.94817 16.948 0.188  H
2457926.92961 17.215 0.203  H
2457927.96627 17.064 0.132  H
2457928.94519 17.033 0.143  H
2457929.93966 16.985 0.146  H
2457932.93624 16.948 0.249  H
2457933.91320 17.155 0.214  H
2457934.90656 16.840 0.133  H
2457936.94319 16.808 0.142  H
2457937.91243 16.764 0.109  H
2457945.94433 16.350 0.090  H
2457948.88491 16.339 0.152  H
2457949.89926 16.376 0.087  H
2457950.88733 16.384 0.082  H
2457953.93492 15.712 0.045  H
2457954.85597 16.079 0.060  H
2457955.87250 16.265 0.149  H
2457958.85345 16.716 0.116  H
2457959.85317 16.708 0.174  H
2457960.86347 16.830 0.118  H
2457961.85831 16.876 0.171  H
2457971.85017 17.125 0.213  H
2457972.83370 16.969 0.240  H
2457976.85328 16.893 0.167  H
2457977.83937 16.977 0.125  H
2457978.83604 16.888 0.123  H
2457980.83312 17.137 0.200  H
2457981.83216 16.908 0.203  H
2457983.82492 17.053 0.205  H
2457988.79057 16.903 0.195  H
2457989.79027 16.932 0.191  H
2457990.79074 16.886 0.145  H
2457992.79801 16.947 0.132  H
2457993.83812 16.982 0.178  H
2458222.10819 16.753 0.098  H
2458254.03653 16.998 0.189  H
2458255.03488 16.952 0.182  H
2458257.04914 16.907 0.184  H
2458259.04499 16.999 0.176  H
2458260.04277 17.253 0.379  H
2458261.02019 17.012 0.137  H
2458262.02600 16.989 0.182  H
2458263.99739 16.903 0.243  H
2458266.98279 16.879 0.176  H
2458272.01321 17.076 0.264  H
2458273.05183 17.010 0.210  H
2458273.99617 16.982 0.266  H
2458281.94470 16.940 0.188  H
2458282.95506 17.050 0.188  H
2458283.93713 17.022 0.205  H
2458284.95057 17.017 0.188  H
2458286.95413 16.861 0.180  H
2458292.92401 16.956 0.217  H
2458294.95455 17.001 0.168  H
2458298.90890 17.028 0.160  H
2458299.92132 17.129 0.260  H
2458300.96982 16.973 0.171  H
2458303.98922 17.091 0.235  H
2458304.92893 16.939 0.120  H
2458305.92420 17.046 0.152  H
2458308.91582 16.845 0.178  H
2458309.89658 16.972 0.149  H
2458310.91919 16.940 0.128  H
2458311.92036 17.012 0.234  H
2458315.92046 16.960 0.152  H
2458319.94530 17.157 0.282  H
2458328.83560 17.191 0.270  H
2458330.82905 17.079 0.215  H
2458333.84005 17.059 0.221  H
2458335.88720 16.997 0.203  H
2458336.81967 16.944 0.140  H
2458590.10224 17.123 0.149  H
2458591.11330 17.235 0.280  H
2458593.10899 17.279 0.309  H
2458594.10774 17.302 0.254  H
2458595.10401 17.257 0.238  H
2458599.09546 17.203 0.186  H
2458600.09655 17.277 0.282  H
2458601.09597 17.187 0.195  H
2458605.08103 17.042 0.138  H
2458606.09217 17.151 0.192  H
2458607.08454 17.174 0.191  H
2458611.08210 17.020 0.182  H
2458612.09708 17.111 0.164  H
2458614.06106 17.059 0.224  H
2458615.04703 17.166 0.222  H
2458616.04787 17.261 0.207  H
2458617.03458 17.235 0.261  H
2458619.02509 17.155 0.220  H
2458620.04649 17.114 0.159  H
2458621.04685 17.097 0.190  H
2458622.04608 17.238 0.300  H
2458627.05696 17.251 0.235  H
2458628.03791 17.349 0.297  H
2458629.05631 17.247 0.264  H
2458632.02221 17.077 0.140  H
2458632.99279 17.190 0.176  H
2458635.00967 17.344 0.324  H
2458636.99333 17.237 0.203  H
2458637.97653 17.223 0.232  H
2458642.00941 17.426 0.285  H
2458642.97612 17.201 0.219  H
2458643.99793 17.258 0.270  H
2458644.96072 17.263 0.267  H
2458646.96758 17.187 0.200  H
2458647.98837 17.236 0.224  H
2458648.97871 17.336 0.220  H
2458649.96453 17.227 0.248  H
2458654.95450 17.226 0.218  H
2458660.94342 17.246 0.283  H
2458664.89206 17.132 0.148  H
2458665.01076 17.180 0.182  H
2458665.90620 17.038 0.161  H
2458666.89468 17.077 0.149  H
2458668.90576 17.266 0.307  H
2458669.94275 17.282 0.195  H
2458671.91554 17.373 0.194  H
2458675.85963 17.187 0.258  H
2458676.86871 17.453 0.247  H
2458680.93187 17.243 0.234  H
2458709.82287 17.211 0.311  H
2458710.82142 17.229 0.258  H
2458714.82035 17.389 0.333  H
2458718.83315 17.394 0.377  H
2458719.82975 17.404 0.284  H
2458721.82734 17.153 0.205  H
2458724.82725 17.314 0.278  H
