2458222.14289 12.846 0.012  K
2458254.00804 12.416 0.011  K
2458254.07624 12.436 0.011  K
2458255.07557 12.402 0.011  K
2458257.03319 12.332 0.011  K
2458257.08315 12.324 0.011  K
2458258.07068 12.281 0.012  K
2458259.02979 12.295 0.011  K
2458259.08479 12.270 0.011  K
2458260.02741 12.252 0.011  K
2458260.08374 12.240 0.011  K
2458261.05497 12.232 0.010  K
2458262.00058 12.172 0.011  K
2458262.06049 12.188 0.010  K
2458263.05813 12.179 0.011  K
2458263.05943 12.173 0.011  K
2458264.03330 12.155 0.011  K
2458265.01526 12.156 0.011  K
2458265.06408 12.151 0.011  K
2458266.02296 12.142 0.011  K
2458266.07458 12.113 0.011  K
2458267.01664 12.166 0.011  K
2458271.98668 12.209 0.011  K
2458273.03658 12.225 0.011  K
2458273.08661 12.208 0.011  K
2458274.03040 12.254 0.011  K
2458274.96112 12.266 0.012  K
2458275.01234 12.273 0.011  K
2458276.00676 12.275 0.011  K
2458276.00805 12.279 0.011  K
2458279.99259 12.317 0.010  K
2458281.96277 12.324 0.011  K
2458282.98964 12.355 0.011  K
2458283.95568 12.354 0.011  K
2458284.96829 12.367 0.011  K
2458286.01231 12.368 0.011  K
2458286.97241 12.370 0.011  K
2458290.95948 12.420 0.011  K
2458290.96079 12.423 0.011  K
2458291.98469 12.352 0.015  K
2458292.94202 12.418 0.011  K
2458293.90878 12.442 0.012  K
2458294.99090 12.429 0.011  K
2458298.92737 12.461 0.011  K
2458299.93962 12.477 0.011  K
2458301.00444 12.468 0.012  K
2458304.94907 12.485 0.010  K
2458305.90905 12.492 0.011  K
2458307.95929 12.519 0.011  K
2458307.96060 12.509 0.012  K
2458308.89672 12.527 0.012  K
2458308.94981 12.540 0.011  K
2458309.93148 12.577 0.011  K
2458310.90416 12.534 0.011  K
2458310.95319 12.566 0.011  K
2458311.90506 12.573 0.012  K
2458311.95563 12.570 0.013  K
2458312.92848 12.576 0.012  K
2458315.95737 12.647 0.011  K
2458316.91133 12.620 0.014  K
2458316.96642 12.642 0.014  K
2458319.92503 12.593 0.021  K
2458321.91296 12.657 0.011  K
2458328.82004 12.762 0.012  K
2458328.86986 12.766 0.012  K
2458329.87324 12.757 0.012  K
2458329.87452 12.752 0.011  K
2458330.86540 12.792 0.014  K
2458331.81859 12.788 0.014  K
2458331.86972 12.770 0.014  K
2458335.87209 12.795 0.012  K
2458336.85342 12.819 0.011  K
2457891.05719 15.194 0.239  K
2457891.05719 15.418 0.295  K
2457864.08101 13.117 0.011  K
2457864.13221 13.105 0.011  K
2457865.12382 13.091 0.016  K
2457878.07864 13.118 0.012  K
2457878.12766 13.141 0.011  K
2457879.04329 13.115 0.011  K
2457879.10019 13.091 0.011  K
2457880.10696 13.136 0.011  K
2457881.04778 13.111 0.011  K
2457881.09772 13.138 0.011  K
2457882.07699 13.135 0.011  K
2457882.07830 13.133 0.011  K
2457883.08143 13.127 0.014  K
2457884.04628 13.126 0.011  K
2457884.10713 13.124 0.011  K
2457885.06301 13.109 0.012  K
2457885.11797 13.129 0.012  K
2457886.11215 13.119 0.015  K
2457887.08807 13.121 0.012  K
2457887.08936 13.125 0.013  K
2457891.00808 13.135 0.011  K
2457891.05719 13.281 0.043  K
2457892.06192 13.127 0.011  K
2457893.01785 13.143 0.012  K
2457893.06898 13.138 0.012  K
2457894.03448 13.134 0.011  K
2457894.03588 13.130 0.011  K
2457895.09738 13.136 0.011  K
2457898.06025 13.133 0.012  K
2457900.03143 13.112 0.012  K
2457900.08049 13.127 0.012  K
2457901.06052 13.114 0.012  K
2457902.03042 13.121 0.011  K
2457902.07967 13.125 0.013  K
2457904.04865 13.131 0.011  K
2457905.00628 13.115 0.013  K
2457905.06079 13.114 0.012  K
2457905.98300 13.110 0.011  K
2457906.04261 13.127 0.011  K
2457907.99964 13.125 0.012  K
2457908.04909 13.103 0.012  K
2457910.02309 13.092 0.012  K
2457910.96314 13.127 0.012  K
2457911.01330 13.145 0.012  K
2457911.98921 13.110 0.011  K
2457913.00328 13.116 0.014  K
2457916.97204 13.128 0.012  K
2457917.02722 13.144 0.012  K
2457917.96875 13.117 0.012  K
2457918.02191 13.137 0.012  K
2457919.00400 13.132 0.012  K
2457920.99705 13.145 0.011  K
2457920.99835 13.163 0.011  K
2457924.98216 13.143 0.012  K
2457925.96087 13.101 0.011  K
2457925.96217 13.121 0.011  K
2457926.91462 13.094 0.012  K
2457926.96964 13.146 0.011  K
2457928.00117 13.109 0.011  K
2457928.92452 13.127 0.012  K
2457928.98015 13.109 0.011  K
2457929.91806 13.122 0.012  K
2457929.97352 13.112 0.012  K
2457930.97275 13.179 0.012  K
2457932.91788 13.110 0.016  K
2457932.97158 13.151 0.014  K
2457933.94713 13.109 0.015  K
2457934.89156 13.094 0.012  K
2457934.94070 13.122 0.012  K
2457935.93188 13.159 0.013  K
2457936.97718 13.136 0.012  K
2457937.89704 13.123 0.011  K
2457937.94682 13.117 0.011  K
2457939.95096 13.117 0.018  K
2457945.98003 13.086 0.013  K
2457947.94051 13.118 0.012  K
2457947.94181 13.103 0.012  K
2457948.91908 13.111 0.015  K
2457949.88412 13.141 0.012  K
2457949.93362 13.112 0.012  K
2457950.87227 13.141 0.012  K
2457950.92583 13.112 0.013  K
2457951.91444 13.141 0.012  K
2457953.91852 13.127 0.011  K
2457954.88983 13.144 0.012  K
2457955.85742 13.105 0.014  K
2457955.91014 13.117 0.015  K
2457957.88978 13.052 0.015  K
2457958.83824 13.152 0.011  K
2457958.89434 13.136 0.011  K
2457959.83769 13.125 0.014  K
2457959.88713 13.109 0.016  K
2457960.90575 13.134 0.022  K
2457961.84295 13.138 0.012  K
2457961.90020 13.137 0.014  K
2457964.83797 13.143 0.012  K
2457964.88713 13.105 0.012  K
2457965.83067 13.123 0.017  K
2457965.88051 13.084 0.030  K
2457966.87657 13.142 0.012  K
2457967.85373 13.113 0.011  K
2457967.85503 13.147 0.011  K
2457970.83889 13.146 0.012  K
2457970.89923 13.140 0.016  K
2457971.82891 13.115 0.013  K
2457971.88553 13.119 0.012  K
2457972.86796 13.123 0.012  K
2457974.89725 13.121 0.015  K
2457976.83700 13.104 0.012  K
2457976.88980 13.135 0.012  K
2457977.82428 13.127 0.011  K
2457977.87336 13.115 0.012  K
2457978.86996 13.107 0.011  K
2457979.84274 13.119 0.012  K
2457979.84405 13.135 0.012  K
2457980.81318 13.131 0.013  K
2457980.86758 13.121 0.012  K
2457981.87237 13.122 0.012  K
2457982.82021 13.113 0.014  K
2457982.87300 13.109 0.015  K
2457983.80981 13.128 0.013  K
2457983.86433 13.114 0.011  K
2457988.81720 13.092 0.013  K
2457989.80834 13.135 0.016  K
2457990.80908 13.118 0.012  K
2457991.80971 13.132 0.014  K
2457992.81691 13.112 0.011  K
2458590.08291 13.108 0.011  K
2458590.13929 13.083 0.011  K
2458591.09285 13.106 0.013  K
2458592.14626 13.124 0.015  K
2458593.09370 13.096 0.012  K
2458593.14356 13.075 0.013  K
2458594.09259 13.063 0.013  K
2458594.14248 13.095 0.012  K
2458595.14228 13.103 0.012  K
2458599.07418 13.108 0.012  K
2458599.13102 13.129 0.012  K
2458600.07444 13.104 0.012  K
2458600.13117 13.107 0.011  K
2458601.13048 13.120 0.012  K
2458605.06591 13.080 0.011  K
2458605.11553 13.108 0.011  K
2458606.07707 13.090 0.011  K
2458606.12668 13.107 0.012  K
2458607.11963 13.122 0.012  K
2458611.06270 13.090 0.013  K
2458611.11768 13.135 0.013  K
2458612.07550 13.119 0.011  K
2458612.13557 13.124 0.012  K
2458613.12877 13.106 0.012  K
2458614.04523 13.111 0.012  K
2458614.09935 13.139 0.012  K
2458615.03189 13.123 0.012  K
2458615.08301 13.134 0.013  K
2458616.08265 13.164 0.012  K
2458617.01939 13.104 0.013  K
2458617.07466 13.129 0.012  K
2458618.06305 13.117 0.012  K
2458618.06435 13.097 0.012  K
2458619.05957 13.130 0.012  K
2458620.03130 13.093 0.011  K
2458620.08119 13.099 0.012  K
2458621.03171 13.126 0.012  K
2458621.08143 13.139 0.012  K
2458622.08861 13.138 0.013  K
2458623.06611 13.137 0.012  K
2458623.06743 13.136 0.012  K
2458627.03809 13.117 0.012  K
2458627.09223 13.119 0.012  K
2458628.01565 13.117 0.014  K
2458628.07326 13.119 0.013  K
2458629.09174 13.126 0.013  K
2458630.00926 13.112 0.016  K
2458630.05973 13.134 0.015  K
2458631.02144 13.134 0.011  K
2458631.02280 13.118 0.011  K
2458632.06781 13.120 0.012  K
2458632.97717 13.112 0.012  K
2458633.02765 13.111 0.012  K
2458633.97050 13.112 0.018  K
2458634.02081 13.133 0.017  K
2458635.04433 13.073 0.014  K
2458636.00919 13.109 0.012  K
2458636.01052 13.096 0.012  K
2458636.97804 13.107 0.012  K
2458637.02819 13.150 0.012  K
2458638.01120 13.097 0.015  K
2458639.99421 13.121 0.012  K
2458640.06425 13.131 0.012  K
2458641.99391 13.106 0.013  K
2458642.96086 13.118 0.012  K
2458643.01071 13.089 0.013  K
2458644.03239 13.115 0.012  K
2458644.94472 13.138 0.012  K
2458644.99554 13.081 0.015  K
2458645.97862 13.084 0.017  K
2458645.97994 13.118 0.015  K
2458647.00336 13.087 0.012  K
2458647.96643 13.120 0.012  K
2458648.02303 13.113 0.012  K
2458648.95691 13.128 0.013  K
2458649.01379 13.146 0.012  K
2458649.99937 13.112 0.012  K
2458653.93921 13.126 0.012  K
2458653.99142 13.068 0.013  K
2458654.93373 13.140 0.012  K
2458654.98916 13.126 0.012  K
2458659.93130 13.080 0.015  K
2458659.98309 13.095 0.016  K
2458660.92797 13.127 0.012  K
2458660.98108 13.079 0.012  K
2458662.99816 13.119 0.012  K
2458662.99949 13.091 0.013  K
2458664.92635 13.106 0.011  K
2458664.99548 13.118 0.011  K
2458665.89075 13.120 0.012  K
2458665.94127 13.134 0.012  K
2458666.87540 13.118 0.011  K
2458666.93343 13.116 0.012  K
2458666.99496 13.114 0.012  K
2458667.93215 13.149 0.011  K
2458667.99818 13.098 0.011  K
2458668.89052 13.113 0.013  K
2458668.94015 13.124 0.013  K
2458669.92398 13.136 0.012  K
2458669.97779 13.111 0.012  K
2458671.90013 13.171 0.012  K
2458671.94991 13.123 0.012  K
2458674.87150 13.139 0.016  K
2458674.97020 13.089 0.013  K
2458675.84433 13.098 0.013  K
2458675.90197 13.109 0.012  K
2458676.90302 13.134 0.012  K
2458677.91809 13.127 0.015  K
2458677.91941 13.095 0.015  K
2458680.91251 13.107 0.012  K
2458680.96749 13.154 0.013  K
2458708.80579 13.119 0.013  K
2458708.88026 13.082 0.013  K
2458709.80749 13.112 0.015  K
2458709.86178 13.124 0.022  K
2458710.80597 13.119 0.013  K
2458710.86277 13.119 0.012  K
2458711.86835 13.122 0.013  K
2458714.80466 13.099 0.014  K
2458714.86073 13.113 0.012  K
2458715.79823 13.102 0.014  K
2458715.85526 13.056 0.018  K
2458717.84573 13.113 0.015  K
2458718.81772 13.122 0.018  K
2458719.81393 13.125 0.013  K
2458721.81192 13.101 0.013  K
2458724.81178 13.113 0.013  K
2458734.81470 13.115 0.016  K
2458736.77819 13.106 0.015  K
