2458222.05145 15.653 0.061  K
2458222.12377 15.684 0.049  K
2458234.07502 15.799 0.088  K
2458236.10655 15.745 0.093  K
2458236.10786 15.830 0.094  K
2458236.10915 15.764 0.098  K
2458253.96625 15.742 0.067  K
2458254.05176 15.672 0.061  K
2458255.05475 15.658 0.063  K
2458257.01929 15.640 0.063  K
2458257.06436 15.638 0.061  K
2458259.98562 15.686 0.080  K
2458260.01353 15.638 0.069  K
2458260.05830 15.794 0.094  K
2458260.96003 15.624 0.052  K
2458261.03572 15.647 0.046  K
2458262.04140 15.689 0.057  K
2458263.01929 15.639 0.058  K
2458263.02058 15.619 0.058  K
2458263.02192 15.689 0.065  K
2458264.01362 15.599 0.091  K
2458264.96662 15.825 0.162  K
2458265.00183 15.687 0.086  K
2458265.04533 15.650 0.060  K
2458265.97660 15.784 0.093  K
2458266.00953 15.679 0.061  K
2458266.05581 15.700 0.081  K
2458266.99789 15.649 0.087  K
2458271.94357 15.640 0.067  K
2458273.02295 15.795 0.091  K
2458273.94002 15.717 0.121  K
2458274.91388 15.451 0.243  K
2458279.89567 15.610 0.053  K
2458279.97379 15.566 0.047  K
2458281.90998 15.579 0.074  K
2458281.97661 15.656 0.072  K
2458282.89418 15.569 0.055  K
2458282.97044 15.583 0.048  K
2458284.91123 15.554 0.060  K
2458284.98179 15.580 0.055  K
2458285.90884 15.752 0.090  K
2458285.99319 15.603 0.069  K
2458286.91552 15.604 0.084  K
2458286.98619 15.603 0.069  K
2458290.92061 15.529 0.044  K
2458290.92192 15.532 0.043  K
2458290.92323 15.535 0.046  K
2458291.88965 15.567 0.072  K
2458292.88580 15.571 0.066  K
2458292.95574 15.583 0.078  K
2458293.84879 15.516 0.053  K
2458294.88920 15.543 0.059  K
2458294.97016 15.432 0.048  K
2458298.86943 15.426 0.046  K
2458298.94126 15.401 0.049  K
2458299.88355 15.446 0.077  K
2458299.95582 15.399 0.080  K
2458300.90233 15.358 0.040  K
2458300.98490 15.365 0.094  K
2458303.93140 15.316 0.046  K
2458304.88982 15.260 0.036  K
2458304.96254 15.314 0.036  K
2458305.85241 15.238 0.043  K
2458305.93939 15.195 0.038  K
2458307.89520 15.154 0.036  K
2458307.89650 15.142 0.037  K
2458307.89782 15.138 0.035  K
2458308.85593 15.121 0.045  K
2458308.88324 15.086 0.043  K
2458308.93076 15.140 0.050  K
2458309.83037 15.033 0.070  K
2458309.91156 15.063 0.031  K
2458310.85477 15.042 0.068  K
2458310.88294 14.993 0.035  K
2458310.93437 14.937 0.036  K
2458311.88631 14.909 0.040  K
2458311.93606 14.937 0.041  K
2458312.82909 14.880 0.045  K
2458312.90925 14.898 0.042  K
2458315.86257 14.680 0.023  K
2458315.93853 14.688 0.028  K
2458317.91521 14.476 0.243  K
2458319.88357 14.610 0.088  K
2458319.91138 14.579 0.081  K
2458321.81886 14.577 0.029  K
2458321.89357 14.594 0.023  K
2458327.82527 14.547 0.021  K
2458327.90537 14.555 0.024  K
2458328.77349 14.348 0.045  K
2458328.80647 14.343 0.029  K
2458328.85047 14.339 0.028  K
2458329.82739 14.179 0.036  K
2458329.82870 14.225 0.045  K
2458329.83000 14.146 0.047  K
2458330.76749 14.327 0.025  K
2458330.84651 14.355 0.021  K
2458331.80495 14.568 0.049  K
2458333.77628 14.876 0.041  K
2458333.85517 15.033 0.099  K
2458335.82592 15.078 0.041  K
2458335.85324 15.124 0.039  K
2458336.75643 15.080 0.040  K
2458336.83451 15.168 0.036  K
2457864.02874 15.611 0.048  K
2457864.06767 15.722 0.068  K
2457864.11344 15.648 0.046  K
2457865.02337 15.626 0.052  K
2457878.02082 15.658 0.053  K
2457878.10896 15.731 0.062  K
2457878.99025 15.708 0.048  K
2457879.02999 15.670 0.054  K
2457879.08116 15.738 0.046  K
2457879.99802 15.698 0.047  K
2457880.08819 15.668 0.048  K
2457880.99143 15.719 0.044  K
2457881.03409 15.712 0.044  K
2457881.07792 15.702 0.039  K
2457882.02001 15.643 0.048  K
2457882.02133 15.669 0.051  K
2457882.02264 15.657 0.050  K
2457883.99318 15.683 0.052  K
2457884.03294 15.669 0.051  K
2457884.08412 15.692 0.042  K
2457885.00908 15.660 0.047  K
2457885.04919 15.694 0.048  K
2457885.09921 15.706 0.058  K
2457886.00219 15.718 0.064  K
2457890.95304 15.731 0.059  K
2457890.99466 15.669 0.051  K
2457891.03817 15.667 0.048  K
2457891.95477 15.688 0.050  K
2457892.04314 15.699 0.042  K
2457892.95783 15.630 0.066  K
2457892.99639 15.722 0.063  K
2457893.04795 15.787 0.081  K
2457893.98467 15.644 0.054  K
2457893.98597 15.644 0.055  K
2457893.98728 15.718 0.055  K
2457894.94267 15.620 0.054  K
2457895.07858 15.687 0.050  K
2457897.95206 15.728 0.071  K
2457898.04145 15.700 0.047  K
2457899.01894 15.678 0.044  K
2457899.02026 15.663 0.044  K
2457899.02158 15.629 0.043  K
2457899.97265 15.688 0.053  K
2457900.01175 15.559 0.053  K
2457900.06161 15.663 0.057  K
2457900.95069 15.693 0.073  K
2457901.03752 15.714 0.061  K
2457901.96000 15.665 0.047  K
2457902.00741 15.676 0.059  K
2457902.06081 15.686 0.047  K
2457902.94999 15.627 0.054  K
2457903.93247 15.665 0.064  K
2457904.02988 15.676 0.051  K
2457904.95427 15.689 0.053  K
2457905.04200 15.659 0.051  K
2457905.93104 15.684 0.055  K
2457905.96958 15.656 0.051  K
2457906.02380 15.666 0.043  K
2457907.93916 15.762 0.090  K
2457907.97762 15.633 0.051  K
2457908.02969 15.708 0.058  K
2457909.91615 15.702 0.065  K
2457910.00404 15.612 0.058  K
2457910.89984 15.710 0.060  K
2457910.93849 15.638 0.050  K
2457910.99359 15.659 0.070  K
2457911.93713 15.667 0.044  K
2457911.97573 15.648 0.048  K
2457912.90305 15.713 0.111  K
2457912.98445 15.627 0.088  K
2457916.91425 15.712 0.046  K
2457916.95861 15.621 0.046  K
2457917.00840 15.681 0.053  K
2457917.91126 15.651 0.056  K
2457917.95526 15.631 0.057  K
2457918.00307 15.687 0.051  K
2457918.89882 15.670 0.054  K
2457920.94217 15.682 0.051  K
2457920.94348 15.691 0.052  K
2457920.94479 15.691 0.051  K
2457924.87958 15.707 0.077  K
2457924.96321 15.753 0.087  K
2457925.90984 15.681 0.054  K
2457925.91116 15.634 0.050  K
2457925.91247 15.701 0.055  K
2457926.86256 15.616 0.050  K
2457926.90120 15.581 0.054  K
2457926.95078 15.691 0.049  K
2457927.89569 15.649 0.044  K
2457927.98180 15.726 0.047  K
2457928.86786 15.758 0.077  K
2457928.91044 15.661 0.059  K
2457928.96132 15.682 0.052  K
2457929.85935 15.705 0.050  K
2457929.90466 15.638 0.051  K
2457929.95470 15.684 0.052  K
2457930.86743 15.672 0.056  K
2457930.95388 15.775 0.085  K
2457931.91085 15.748 0.045  K
2457931.95334 15.700 0.059  K
2457932.90418 15.594 0.080  K
2457933.92822 15.759 0.071  K
2457934.83944 15.667 0.052  K
2457934.87792 15.659 0.059  K
2457934.92157 15.692 0.055  K
2457935.88023 15.592 0.078  K
2457935.88282 15.657 0.218  K
2457936.87287 15.818 0.080  K
2457936.95812 15.652 0.071  K
2457937.83604 15.719 0.054  K
2457937.87523 15.641 0.051  K
2457937.92763 15.656 0.047  K
2457939.84486 15.234 0.113  K
2457944.87345 15.726 0.063  K
2457944.92668 15.567 0.065  K
2457945.87453 15.652 0.050  K
2457947.89093 15.736 0.084  K
2457947.89222 15.863 0.096  K
2457949.82965 15.646 0.060  K
2457949.87046 15.776 0.081  K
2457949.91419 15.742 0.075  K
2457950.81419 15.686 0.047  K
2457950.85868 15.653 0.052  K
2457950.90228 15.616 0.058  K
2457951.80951 15.656 0.053  K
2457951.89553 15.720 0.083  K
2457952.87659 15.667 0.043  K
2457952.87791 15.645 0.042  K
2457952.87921 15.661 0.041  K
2457953.86182 15.686 0.052  K
2457953.90493 15.671 0.048  K
2457953.94981 15.769 0.069  K
2457954.78917 15.609 0.059  K
2457954.87089 15.691 0.062  K
2457955.80553 15.657 0.064  K
2457955.84396 15.630 0.051  K
2457955.88742 15.703 0.073  K
2457958.78208 15.666 0.048  K
2457958.82050 15.676 0.056  K
2457958.86833 15.658 0.059  K
2457960.78561 15.704 0.069  K
2457961.78098 15.639 0.059  K
2457961.82609 15.819 0.086  K
2457961.87318 15.789 0.107  K
2457964.77989 15.625 0.052  K
2457964.82418 15.672 0.056  K
2457964.86803 15.647 0.056  K
2457965.86075 15.597 0.212  K
2457966.77344 15.742 0.071  K
2457966.85767 15.740 0.073  K
2457967.80949 15.679 0.047  K
2457970.77759 15.668 0.076  K
2457970.82533 15.733 0.071  K
2457970.88030 15.663 0.059  K
2457971.77581 15.671 0.066  K
2457971.86607 15.686 0.070  K
2457972.76538 15.677 0.075  K
2457974.84068 15.720 0.097  K
2457976.77125 15.635 0.043  K
2457976.82057 15.723 0.048  K
2457976.86861 15.693 0.047  K
2457977.76477 15.615 0.048  K
2457977.81069 15.640 0.043  K
2457977.85430 15.663 0.050  K
2457978.76108 15.682 0.050  K
2457978.85086 15.627 0.044  K
2457979.79558 15.655 0.051  K
2457979.79687 15.620 0.050  K
2457979.79818 15.674 0.062  K
2457980.76060 15.620 0.067  K
2457980.79963 15.723 0.076  K
2457980.84795 15.682 0.057  K
2457981.85334 15.722 0.058  K
2457982.76381 15.684 0.113  K
2457983.75764 15.673 0.112  K
2457983.79623 15.668 0.054  K
2457983.84483 15.690 0.059  K
2457989.75553 15.778 0.076  K
2457990.75649 15.647 0.051  K
2457990.82268 15.668 0.065  K
2457991.75742 15.671 0.045  K
2457992.75693 15.779 0.095  K
2457992.83034 15.658 0.055  K
2457993.80328 15.724 0.075  K
2458590.04052 15.650 0.047  K
2458590.06963 15.640 0.044  K
2458590.11749 15.693 0.058  K
2458591.13369 15.616 0.072  K
2458592.05625 15.575 0.143  K
2458593.08016 15.739 0.084  K
2458594.05116 15.662 0.049  K
2458594.12325 15.777 0.079  K
2458595.04769 15.641 0.052  K
2458595.11954 15.640 0.061  K
2458599.03225 15.686 0.070  K
2458599.11184 15.705 0.063  K
2458600.03264 15.679 0.059  K
2458600.06044 15.703 0.071  K
2458600.11206 15.640 0.054  K
2458601.11149 15.645 0.069  K
2458605.02213 15.633 0.045  K
2458605.05236 15.666 0.045  K
2458605.09649 15.643 0.051  K
2458606.02555 15.628 0.065  K
2458606.05928 15.707 0.056  K
2458606.10762 15.684 0.067  K
2458607.01095 15.580 0.066  K
2458607.10019 15.643 0.063  K
2458611.02051 15.647 0.058  K
2458611.04880 15.687 0.063  K
2458611.09776 15.745 0.093  K
2458612.03257 15.671 0.050  K
2458612.06112 15.701 0.049  K
2458612.11300 15.659 0.055  K
2458613.02311 15.696 0.064  K
2458613.10890 15.612 0.058  K
2458614.00216 15.706 0.062  K
2458614.03055 15.771 0.071  K
2458614.07990 15.645 0.061  K
2458614.98619 15.632 0.059  K
2458615.01461 15.690 0.062  K
2458615.06259 15.642 0.089  K
2458615.98755 15.664 0.057  K
2458616.06352 15.638 0.054  K
2458616.97805 15.656 0.065  K
2458617.05011 15.776 0.083  K
2458618.01963 15.512 0.083  K
2458618.96411 15.625 0.062  K
2458619.04050 15.633 0.058  K
2458619.98003 15.632 0.051  K
2458620.00787 15.611 0.055  K
2458620.06189 15.658 0.056  K
2458620.98380 15.607 0.070  K
2458621.01197 15.679 0.084  K
2458621.06243 15.659 0.057  K
2458622.06153 15.624 0.166  K
2458623.01683 15.452 0.103  K
2458623.01815 15.617 0.102  K
2458626.99520 15.667 0.058  K
2458627.02360 15.641 0.052  K
2458627.07282 15.640 0.065  K
2458627.97300 15.691 0.071  K
2458628.99113 15.560 0.059  K
2458630.97903 15.640 0.050  K
2458630.98036 15.642 0.049  K
2458630.98169 15.628 0.047  K
2458631.96469 15.631 0.048  K
2458632.04526 15.633 0.054  K
2458632.93214 15.697 0.055  K
2458632.96233 15.667 0.054  K
2458633.00849 15.660 0.056  K
2458633.92429 15.631 0.071  K
2458635.96408 15.604 0.063  K
2458635.96540 15.645 0.068  K
2458635.96676 15.629 0.056  K
2458636.92991 15.611 0.054  K
2458636.95810 15.676 0.065  K
2458637.00874 15.647 0.055  K
2458637.99189 15.697 0.069  K
2458639.94443 15.677 0.060  K
2458639.97324 15.685 0.071  K
2458640.04500 15.660 0.062  K
2458641.95164 15.676 0.081  K
2458641.97998 15.667 0.066  K
2458642.99153 15.670 0.074  K
2458643.93878 15.623 0.063  K
2458644.01322 15.658 0.059  K
2458644.89886 15.739 0.079  K
2458644.92746 15.624 0.072  K
2458645.93561 15.680 0.053  K
2458645.93694 15.634 0.051  K
2458645.93827 15.626 0.060  K
2458646.90229 15.690 0.056  K
2458646.98299 15.665 0.062  K
2458647.92459 15.665 0.051  K
2458647.95268 15.658 0.071  K
2458648.00380 15.564 0.061  K
2458648.91516 15.624 0.050  K
2458648.94317 15.666 0.058  K
2458648.99411 15.655 0.050  K
2458653.89322 15.617 0.063  K
2458653.92097 15.601 0.056  K
2458653.97199 15.798 0.088  K
2458654.89228 15.658 0.052  K
2458654.92008 15.691 0.059  K
2458654.96984 15.729 0.062  K
2458660.91431 15.556 0.057  K
2458660.95868 15.521 0.078  K
2458662.95826 15.636 0.109  K
2458662.95958 15.642 0.120  K
2458662.96090 15.684 0.084  K
2458664.83122 15.639 0.055  K
2458664.90724 15.629 0.050  K
2458664.95364 15.687 0.052  K
2458664.98144 15.603 0.052  K
2458665.84033 15.625 0.083  K
2458665.86847 15.707 0.110  K
2458665.92150 15.583 0.054  K
2458666.83362 15.694 0.069  K
2458666.86169 15.620 0.056  K
2458666.90993 15.680 0.057  K
2458666.95295 15.688 0.050  K
2458666.98090 15.692 0.056  K
2458667.82853 15.637 0.051  K
2458667.91301 15.624 0.050  K
2458667.95615 15.625 0.048  K
2458667.98445 15.623 0.050  K
2458668.84334 15.693 0.087  K
2458669.88161 15.593 0.056  K
2458669.91027 15.613 0.053  K
2458669.95790 15.606 0.060  K
2458671.85360 15.626 0.055  K
2458671.88210 15.640 0.059  K
2458671.93075 15.661 0.051  K
2458672.89756 15.175 0.146  K
2458674.82600 15.683 0.063  K
2458674.85381 15.648 0.058  K
2458674.95106 15.652 0.074  K
2458675.88273 15.709 0.069  K
2458676.80767 15.646 0.052  K
2458676.88388 15.611 0.060  K
2458680.87067 15.640 0.056  K
2458680.89878 15.770 0.066  K
2458708.79197 15.662 0.075  K
2458708.85999 15.740 0.073  K
2458709.79074 15.597 0.187  K
2458710.79212 15.738 0.081  K
2458710.84352 15.509 0.111  K
2458711.82150 15.626 0.059  K
2458711.85449 15.588 0.075  K
2458713.85405 15.708 0.095  K
2458714.83964 15.712 0.132  K
2458717.83193 15.657 0.073  K
2458718.76926 15.593 0.066  K
2458718.84823 15.751 0.144  K
2458719.76607 15.697 0.074  K
2458721.79811 15.681 0.131  K
2458733.77450 15.854 0.305  K
2458734.76516 15.551 0.142  K
2458736.76440 15.701 0.085  K
