2457864.02330 15.909 0.105  K
2457864.06224 15.968 0.107  K
2457864.10798 15.911 0.084  K
2457865.01791 16.095 0.126  K
2457865.09964 16.095 0.166  K
2457878.01524 15.934 0.091  K
2457878.05983 16.078 0.248  K
2457878.10348 16.027 0.143  K
2457878.98478 15.900 0.089  K
2457879.02460 15.880 0.083  K
2457879.07569 15.898 0.077  K
2457879.99257 15.903 0.083  K
2457880.08274 15.898 0.082  K
2457880.98603 15.877 0.072  K
2457881.02867 15.867 0.076  K
2457881.07246 15.852 0.069  K
2457882.00416 15.918 0.096  K
2457882.00547 15.884 0.099  K
2457882.00678 15.937 0.099  K
2457882.97168 15.980 0.161  K
2457883.05713 15.972 0.137  K
2457883.98706 15.795 0.075  K
2457884.02741 15.901 0.107  K
2457884.07864 16.011 0.114  K
2457885.00346 15.782 0.090  K
2457885.04374 15.854 0.074  K
2457885.09317 15.855 0.086  K
2457885.99680 15.916 0.109  K
2457886.08681 15.951 0.173  K
2457887.00881 16.014 0.198  K
2457887.01012 16.034 0.186  K
2457887.01141 15.970 0.143  K
2457890.94756 15.822 0.085  K
2457890.98922 15.907 0.086  K
2457891.03273 15.796 0.072  K
2457891.94934 15.840 0.079  K
2457892.03763 15.785 0.066  K
2457892.95237 15.881 0.102  K
2457892.99095 15.823 0.095  K
2457893.04250 15.902 0.121  K
2457893.96881 15.845 0.093  K
2457893.97013 15.822 0.096  K
2457893.97144 15.825 0.102  K
2457894.93722 15.869 0.104  K
2457895.07313 15.825 0.080  K
2457897.94666 15.809 0.108  K
2457898.03602 15.815 0.087  K
2457898.98988 15.028 0.037  K
2457898.99118 15.041 0.039  K
2457898.99250 15.024 0.040  K
2457899.96723 15.304 0.051  K
2457900.00632 15.293 0.049  K
2457900.05617 15.335 0.060  K
2457900.94143 15.388 0.067  K
2457901.03208 15.358 0.065  K
2457901.95463 15.416 0.051  K
2457902.00190 15.398 0.057  K
2457902.05535 15.401 0.053  K
2457902.94220 15.451 0.060  K
2457903.92704 15.397 0.067  K
2457904.02444 15.411 0.051  K
2457904.94886 15.434 0.057  K
2457904.98747 15.387 0.067  K
2457905.03658 15.438 0.060  K
2457905.92563 15.434 0.052  K
2457905.96416 15.427 0.052  K
2457906.01837 15.399 0.047  K
2457907.93378 15.429 0.116  K
2457907.97223 15.400 0.074  K
2457908.02428 15.410 0.067  K
2457909.91074 15.391 0.067  K
2457909.99862 15.348 0.054  K
2457910.89443 15.372 0.064  K
2457910.93310 15.351 0.059  K
2457910.98815 15.310 0.052  K
2457911.97034 15.346 0.052  K
2457912.89764 15.297 0.053  K
2457912.97905 15.229 0.101  K
2457916.90887 15.765 0.071  K
2457916.95320 15.761 0.081  K
2457917.00292 15.797 0.084  K
2457917.90583 15.810 0.094  K
2457917.94987 15.903 0.177  K
2457917.99766 15.811 0.082  K
2457918.89313 15.847 0.089  K
2457918.97975 15.800 0.089  K
2457920.92636 15.833 0.100  K
2457920.92767 15.847 0.146  K
2457920.92898 15.809 0.154  K
2457924.87424 15.926 0.151  K
2457924.95781 15.983 0.136  K
2457925.89338 15.858 0.086  K
2457925.89468 15.846 0.092  K
2457925.89599 15.844 0.088  K
2457926.85718 15.843 0.095  K
2457926.89578 15.897 0.099  K
2457926.94539 15.859 0.081  K
2457927.89034 15.836 0.074  K
2457927.97640 15.834 0.080  K
2457928.86247 15.941 0.118  K
2457928.90508 15.945 0.112  K
2457928.95592 15.847 0.072  K
2457929.85394 15.912 0.092  K
2457929.89928 15.888 0.101  K
2457929.94928 15.857 0.077  K
2457930.86203 15.845 0.080  K
2457930.94849 15.934 0.097  K
2457931.90546 15.871 0.078  K
2457931.94793 15.928 0.090  K
2457932.85403 16.011 0.146  K
2457932.89881 16.003 0.141  K
2457932.94648 16.114 0.239  K
2457933.83598 16.055 0.144  K
2457933.92283 15.992 0.133  K
2457934.83408 15.963 0.102  K
2457934.87258 15.951 0.107  K
2457934.91618 15.920 0.092  K
2457935.86447 16.009 0.138  K
2457935.86578 15.937 0.127  K
2457935.86709 15.986 0.132  K
2457936.86756 16.020 0.139  K
2457936.95277 15.981 0.105  K
2457937.83062 15.923 0.082  K
2457937.86977 16.011 0.112  K
2457937.92216 15.888 0.079  K
2457944.86814 15.968 0.103  K
2457944.92131 16.031 0.145  K
2457945.85712 15.935 0.106  K
2457945.95391 15.946 0.106  K
2457947.87512 16.019 0.144  K
2457947.87641 16.013 0.136  K
2457947.87770 16.097 0.170  K
2457948.80593 15.941 0.235  K
2457948.89449 16.009 0.173  K
2457949.82434 16.030 0.144  K
2457949.86409 15.947 0.095  K
2457949.90885 16.104 0.138  K
2457950.80885 15.905 0.082  K
2457950.85333 16.010 0.096  K
2457950.89691 15.977 0.099  K
2457951.80417 15.971 0.095  K
2457951.89019 15.987 0.111  K
2457952.86067 15.859 0.084  K
2457952.86198 15.908 0.083  K
2457952.86338 15.980 0.095  K
2457953.85648 15.997 0.100  K
2457953.89957 15.952 0.089  K
2457953.94447 16.028 0.105  K
2457954.78383 15.955 0.103  K
2457954.86553 15.952 0.089  K
2457955.80023 15.954 0.101  K
2457955.83865 15.968 0.090  K
2457955.88208 15.989 0.131  K
2457957.78071 16.267 0.338  K
2457957.86513 16.018 0.237  K
2457958.77641 15.909 0.084  K
2457958.81518 15.919 0.089  K
2457958.86298 15.933 0.076  K
2457959.77667 16.073 0.167  K
2457959.81834 16.186 0.183  K
2457959.86269 16.128 0.167  K
2457960.78033 15.979 0.113  K
2457960.87303 16.038 0.117  K
2457961.77565 15.976 0.144  K
2457961.82076 16.056 0.144  K
2457961.86785 16.149 0.159  K
2457964.77461 15.970 0.104  K
2457964.81889 15.966 0.091  K
2457964.86271 15.924 0.095  K
2457965.76155 16.081 0.165  K
2457965.80091 16.056 0.208  K
2457965.85540 16.082 0.168  K
2457966.76813 15.959 0.130  K
2457966.85235 16.125 0.152  K
2457967.79040 16.085 0.140  K
2457967.79171 16.091 0.133  K
2457967.79301 16.038 0.136  K
2457970.77234 15.931 0.140  K
2457970.82001 16.010 0.162  K
2457970.87497 15.983 0.102  K
2457971.77049 16.010 0.122  K
2457971.80999 16.009 0.102  K
2457971.85968 15.964 0.106  K
2457972.76012 15.997 0.144  K
2457972.84319 16.011 0.107  K
2457974.85725 15.989 0.098  K
2457976.76539 15.963 0.077  K
2457976.81524 15.931 0.082  K
2457976.86279 15.936 0.088  K
2457977.75948 15.950 0.092  K
2457977.80537 15.948 0.085  K
2457977.84898 15.964 0.090  K
2457978.75579 15.908 0.082  K
2457978.84553 15.928 0.083  K
2457979.77934 15.984 0.097  K
2457979.78065 15.984 0.098  K
2457979.78196 15.966 0.102  K
2457980.75535 15.976 0.131  K
2457980.79406 16.070 0.124  K
2457980.84263 15.953 0.095  K
2457981.76019 16.131 0.191  K
2457981.84801 15.961 0.099  K
2457982.75852 16.067 0.183  K
2457982.79711 16.107 0.188  K
2457982.84572 16.350 0.450  K
2457983.75234 16.061 0.150  K
2457983.79090 16.035 0.113  K
2457983.83441 16.142 0.140  K
2457985.79148 16.006 0.115  K
2457985.85359 16.105 0.135  K
2457988.77273 16.078 0.132  K
2457988.82520 16.098 0.171  K
2457989.77191 16.035 0.115  K
2457989.81639 16.077 0.173  K
2457990.77270 16.051 0.111  K
2457990.81710 16.133 0.155  K
2457991.77363 16.044 0.112  K
2457991.81773 16.117 0.191  K
2457992.77313 15.955 0.097  K
2457992.82493 15.930 0.092  K
2457993.81948 16.066 0.174  K
2458006.70985 15.955 0.125  K
2458006.71110 15.938 0.123  K
2458007.71261 16.259 0.268  K
2458007.71386 16.299 0.324  K
2458008.71757 15.998 0.173  K
2458008.71882 15.953 0.139  K
2458009.71676 15.987 0.300  K
2458010.71454 15.971 0.148  K
2458010.71631 15.949 0.155  K
2458011.71482 15.915 0.129  K
2458011.71608 15.927 0.146  K
2458013.70854 15.925 0.106  K
2458019.70477 15.945 0.118  K
2458019.70602 15.905 0.115  K
2458020.70760 16.227 0.229  K
2458020.70884 16.187 0.286  K
2458021.70385 15.926 0.143  K
2458021.70510 15.926 0.127  K
2458025.71700 15.883 0.132  K
2458025.71825 15.850 0.123  K
2458026.70529 15.910 0.148  K
2458026.70653 15.864 0.144  K
2458027.70554 15.955 0.129  K
2458027.70679 15.889 0.113  K
2458029.70474 15.909 0.110  K
2458029.70597 15.826 0.100  K
2458030.70679 16.221 0.358  K
2458030.70805 16.005 0.300  K
2458036.69166 15.971 0.175  K
2458036.69291 15.981 0.184  K
2458037.69467 15.910 0.125  K
2458037.69591 15.888 0.137  K
2458222.04594 16.078 0.155  K
2458222.11814 15.986 0.091  K
2458234.06955 16.207 0.182  K
2458236.09053 16.106 0.171  K
2458236.09183 15.998 0.189  K
2458236.09315 16.067 0.194  K
2458253.96073 16.073 0.126  K
2458253.98853 16.135 0.146  K
2458254.04633 16.025 0.111  K
2458254.97148 16.065 0.127  K
2458255.04479 16.080 0.158  K
2458255.96444 16.090 0.135  K
2458256.98592 16.116 0.160  K
2458257.01386 16.068 0.126  K
2458257.05893 15.981 0.111  K
2458257.97447 16.128 0.247  K
2458258.04573 16.074 0.179  K
2458258.98292 16.091 0.204  K
2458259.01064 16.186 0.171  K
2458259.05979 16.021 0.156  K
2458259.98014 16.047 0.135  K
2458260.00800 16.002 0.128  K
2458260.05276 16.178 0.202  K
2458260.95447 15.981 0.096  K
2458261.03014 15.928 0.084  K
2458261.95292 16.016 0.108  K
2458261.98139 16.025 0.124  K
2458262.03585 16.027 0.109  K
2458263.00316 16.084 0.130  K
2458263.00448 16.032 0.124  K
2458263.00578 15.982 0.108  K
2458263.93537 16.278 0.199  K
2458264.00819 16.012 0.142  K
2458264.96120 16.330 0.226  K
2458264.99641 15.973 0.128  K
2458265.03990 16.100 0.142  K
2458265.97117 16.029 0.125  K
2458265.99904 16.077 0.120  K
2458266.05013 16.042 0.130  K
2458266.92035 16.281 0.274  K
2458266.99246 16.020 0.162  K
2458271.93810 16.150 0.196  K
2458271.96688 16.247 0.225  K
2458272.02882 16.112 0.150  K
2458272.98308 16.210 0.228  K
2458273.01727 16.024 0.119  K
2458273.06166 16.110 0.180  K
2458273.93462 16.270 0.239  K
2458274.00585 16.106 0.248  K
2458274.90833 16.116 0.257  K
2458274.93882 16.077 0.226  K
2458274.98681 16.152 0.221  K
2458275.94877 16.243 0.230  K
2458275.95007 16.156 0.205  K
2458275.95136 16.097 0.181  K
2458279.89025 16.019 0.124  K
2458279.96837 15.994 0.103  K
2458281.92674 16.181 0.180  K
2458281.97108 16.023 0.136  K
2458282.88868 16.035 0.111  K
2458282.96488 16.020 0.098  K
2458283.91501 16.007 0.152  K
2458283.96392 16.214 0.177  K
2458284.92748 16.026 0.123  K
2458284.97638 16.062 0.127  K
2458285.91430 16.111 0.142  K
2458285.98769 16.112 0.189  K
2458286.93517 16.101 0.137  K
2458286.98067 16.082 0.118  K
2458290.89766 15.977 0.085  K
2458290.89896 15.925 0.082  K
2458290.90026 15.940 0.084  K
2458291.88426 16.080 0.151  K
2458292.90253 16.098 0.152  K
2458292.95023 16.126 0.189  K
2458293.91683 16.161 0.319  K
2458294.88384 16.070 0.124  K
2458294.96477 16.039 0.112  K
2458298.88586 16.057 0.109  K
2458298.93578 16.038 0.117  K
2458299.90082 16.155 0.159  K
2458299.95044 16.024 0.189  K
2458300.89696 16.094 0.122  K
2458300.97941 16.121 0.138  K
2458303.92595 16.024 0.111  K
2458304.90621 16.000 0.089  K
2458304.95708 16.015 0.091  K
2458305.84708 16.058 0.121  K
2458305.87472 16.229 0.350  K
2458305.93400 15.986 0.101  K
2458307.87935 16.122 0.225  K
2458307.88067 16.116 0.204  K
2458307.88196 16.113 0.151  K
2458308.85058 16.042 0.130  K
2458308.87788 16.068 0.116  K
2458308.92540 16.035 0.152  K
2458309.82501 16.085 0.154  K
2458309.90615 15.988 0.098  K
2458310.84912 16.271 0.281  K
2458310.87758 16.049 0.131  K
2458310.92877 16.022 0.108  K
2458311.85267 16.146 0.195  K
2458311.88078 16.049 0.211  K
2458311.93037 16.168 0.231  K
2458312.83447 16.023 0.131  K
2458312.90386 16.188 0.232  K
2458315.85718 16.002 0.090  K
2458315.93009 15.985 0.101  K
2458316.86342 16.132 0.270  K
2458316.89242 16.166 0.247  K
2458316.94217 16.078 0.262  K
2458317.89793 16.146 0.262  K
2458317.89923 16.231 0.249  K
2458321.81360 16.115 0.140  K
2458321.88824 16.081 0.116  K
2458327.81998 16.009 0.105  K
2458327.89962 16.046 0.112  K
2458328.76792 16.157 0.230  K
2458328.79845 16.114 0.188  K
2458328.84512 16.219 0.205  K
2458329.81137 16.142 0.131  K
2458329.81269 16.044 0.112  K
2458329.81400 15.972 0.093  K
2458330.76218 16.220 0.166  K
2458330.84114 16.044 0.116  K
2458331.79683 16.563 0.689  K
2458331.84543 16.252 0.295  K
2458333.75715 16.018 0.155  K
2458333.84981 16.107 0.190  K
2458335.82060 16.080 0.126  K
2458335.84793 16.085 0.133  K
2458335.89692 16.265 0.204  K
2458336.75110 16.096 0.124  K
2458336.82915 16.069 0.106  K
2458590.03505 16.005 0.090  K
2458590.06417 16.060 0.104  K
2458590.11202 16.030 0.091  K
2458591.04657 16.233 0.196  K
2458591.07411 16.173 0.175  K
2458591.12780 16.162 0.172  K
2458593.04622 16.215 0.176  K
2458593.07411 16.229 0.177  K
2458593.11894 16.212 0.162  K
2458594.04560 16.145 0.128  K
2458594.07352 16.180 0.130  K
2458594.11767 16.101 0.125  K
2458595.04213 16.069 0.092  K
2458595.11396 16.118 0.109  K
2458599.02666 16.070 0.117  K
2458599.05486 16.122 0.119  K
2458599.10620 16.030 0.104  K
2458600.02713 16.162 0.134  K
2458600.05491 16.211 0.148  K
2458600.10648 16.101 0.110  K
2458601.02192 16.272 0.179  K
2458601.10590 16.098 0.116  K
2458605.01659 16.009 0.087  K
2458605.04683 15.999 0.085  K
2458605.09094 16.024 0.092  K
2458606.02003 16.208 0.137  K
2458606.05373 16.139 0.117  K
2458606.10206 16.050 0.108  K
2458607.00540 16.212 0.156  K
2458607.09459 16.059 0.112  K
2458611.01494 16.139 0.126  K
2458611.04324 16.108 0.125  K
2458611.09217 16.188 0.164  K
2458612.02691 15.980 0.087  K
2458612.05545 16.063 0.099  K
2458612.10734 16.052 0.104  K
2458613.02860 16.130 0.135  K
2458613.10326 16.100 0.112  K
2458613.99665 16.107 0.116  K
2458614.02501 16.136 0.125  K
2458614.07105 16.127 0.128  K
2458614.98068 16.230 0.146  K
2458615.00887 16.119 0.122  K
2458615.05694 16.251 0.166  K
2458615.98203 16.193 0.145  K
2458616.05797 16.088 0.114  K
2458616.97253 16.166 0.142  K
2458617.00032 16.229 0.202  K
2458617.04455 16.162 0.172  K
2458618.00319 16.350 0.286  K
2458618.00452 16.372 0.352  K
2458618.00584 16.163 0.276  K
2458618.95843 16.113 0.138  K
2458619.03498 16.112 0.120  K
2458619.97451 16.143 0.118  K
2458620.00231 16.119 0.108  K
2458620.05636 16.070 0.099  K
2458620.97831 16.225 0.147  K
2458621.00646 16.163 0.144  K
2458621.05689 16.215 0.128  K
2458621.97867 16.145 0.170  K
2458622.05598 16.170 0.253  K
2458623.00034 16.226 0.155  K
2458623.00164 16.194 0.157  K
2458623.00295 16.148 0.164  K
2458626.98960 16.184 0.122  K
2458627.01797 16.085 0.110  K
2458627.06700 16.178 0.143  K
2458627.96740 16.218 0.166  K
2458627.99588 16.271 0.187  K
2458628.04799 16.211 0.155  K
2458628.98544 16.233 0.144  K
2458629.06638 16.172 0.164  K
2458629.95837 16.187 0.204  K
2458629.98647 16.158 0.133  K
2458630.03481 16.352 0.311  K
2458630.96251 16.020 0.096  K
2458630.96384 15.990 0.090  K
2458630.96517 16.058 0.098  K
2458631.95915 16.089 0.103  K
2458632.03975 16.095 0.128  K
2458632.92661 16.124 0.111  K
2458632.95677 16.086 0.105  K
2458633.00296 16.028 0.102  K
2458633.91876 16.222 0.144  K
2458633.94800 16.337 0.214  K
2458633.99617 16.125 0.162  K
2458634.93897 16.291 0.200  K
2458635.01952 16.390 0.257  K
2458635.94790 16.255 0.182  K
2458635.94922 16.116 0.163  K
2458635.95056 16.139 0.153  K
2458636.92442 16.050 0.109  K
2458636.95258 16.224 0.138  K
2458637.00322 16.057 0.104  K
2458637.91047 16.313 0.230  K
2458637.98637 16.131 0.141  K
2458639.93876 16.109 0.122  K
2458639.96758 16.136 0.117  K
2458640.03951 16.183 0.130  K
2458641.94605 16.231 0.157  K
2458641.97437 16.152 0.165  K
2458642.01944 15.997 0.118  K
2458642.90321 16.213 0.174  K
2458642.94168 16.290 0.186  K
2458642.98597 16.158 0.156  K
2458643.93299 16.041 0.106  K
2458644.00773 16.194 0.134  K
2458644.89337 16.112 0.141  K
2458644.92197 16.182 0.145  K
2458644.97049 16.144 0.132  K
2458645.91334 16.167 0.160  K
2458645.91467 16.135 0.168  K
2458645.91599 16.234 0.168  K
2458646.89674 16.015 0.101  K
2458646.97745 16.252 0.168  K
2458647.91906 16.103 0.104  K
2458647.94709 16.161 0.138  K
2458647.99826 16.199 0.132  K
2458648.90966 16.136 0.113  K
2458648.93765 16.114 0.117  K
2458648.98858 16.024 0.092  K
2458649.89756 16.306 0.201  K
2458649.97432 16.233 0.188  K
2458653.88778 16.244 0.170  K
2458653.91552 16.176 0.124  K
2458653.96652 16.209 0.162  K
2458654.88680 16.155 0.123  K
2458654.91462 16.151 0.120  K
2458654.96436 16.107 0.111  K
2458655.89469 16.237 0.162  K
2458656.88744 16.157 0.148  K
2458659.88197 16.288 0.318  K
2458659.90973 16.315 0.249  K
2458659.95851 16.225 0.296  K
2458660.87559 16.199 0.174  K
2458660.90885 16.113 0.118  K
2458660.95321 16.280 0.266  K
2458662.93649 16.240 0.152  K
2458662.93781 16.223 0.149  K
2458662.93914 16.132 0.133  K
2458664.82576 16.127 0.110  K
2458664.90178 16.163 0.123  K
2458664.94818 16.025 0.085  K
2458664.97600 16.025 0.094  K
2458665.83487 16.320 0.180  K
2458665.86302 16.187 0.164  K
2458665.91605 16.256 0.144  K
2458665.95532 16.062 0.100  K
2458666.82815 16.161 0.134  K
2458666.85625 16.096 0.130  K
2458666.90444 16.130 0.110  K
2458666.94750 16.034 0.094  K
2458666.97545 16.026 0.098  K
2458667.83402 16.091 0.114  K
2458667.90754 16.079 0.098  K
2458667.95071 16.056 0.096  K
2458667.97900 16.122 0.107  K
2458668.83789 16.303 0.186  K
2458668.86587 16.246 0.161  K
2458668.91551 16.167 0.162  K
2458669.87618 16.185 0.127  K
2458669.90481 16.111 0.107  K
2458669.95245 16.240 0.143  K
2458671.84778 16.131 0.129  K
2458671.87666 16.143 0.113  K
2458671.92525 15.992 0.091  K
2458672.87301 16.297 0.198  K
2458674.81440 16.507 0.314  K
2458674.84838 16.158 0.166  K
2458675.79290 16.416 0.295  K
2458675.82518 16.265 0.203  K
2458675.86936 16.234 0.176  K
2458676.79651 16.210 0.145  K
2458676.87844 16.089 0.106  K
2458677.85938 16.243 0.225  K
2458677.86070 16.219 0.243  K
2458677.86202 16.229 0.250  K
2458680.86523 16.142 0.127  K
2458680.89310 16.159 0.125  K
2458680.94166 16.145 0.132  K
2458708.74616 16.031 0.362  K
2458708.78298 16.237 0.154  K
2458708.84541 16.233 0.180  K
2458709.75078 16.327 0.317  K
2458709.83252 16.117 0.234  K
2458710.75325 16.173 0.181  K
2458710.78144 16.259 0.197  K
2458710.83812 16.220 0.210  K
2458711.81607 16.165 0.122  K
2458711.84908 16.287 0.144  K
2458712.78918 16.268 0.319  K
2458713.84791 16.312 0.203  K
2458714.74454 16.370 0.262  K
2458714.78012 16.286 0.223  K
2458714.83413 16.284 0.208  K
2458715.74442 15.902 0.279  K
2458715.77896 16.252 0.296  K
2458715.82652 15.972 0.284  K
2458716.82171 16.312 0.208  K
2458716.84998 16.186 0.156  K
2458717.79274 16.291 0.231  K
2458717.82652 16.240 0.248  K
2458718.76383 16.172 0.136  K
2458718.79833 16.134 0.274  K
2458718.84281 16.175 0.170  K
2458719.76068 16.206 0.164  K
2458719.79474 16.284 0.222  K
2458719.83940 16.187 0.130  K
2458721.75805 16.189 0.129  K
2458721.78980 16.168 0.130  K
2458721.83709 16.157 0.206  K
2458722.81005 16.321 0.214  K
2458724.75492 16.313 0.259  K
2458724.79255 16.367 0.271  K
2458724.83819 15.924 0.129  K
2458733.76590 16.030 0.225  K
2458734.75974 16.272 0.188  K
2458736.72711 16.352 0.229  K
2458736.75900 16.300 0.188  K
2458736.80824 16.056 0.170  K
2457865.05639 16.197 0.069  H
2457880.03101 16.100 0.054  H
2457883.00974 16.107 0.101  H
2457886.04246 16.201 0.086  H
2457891.98778 16.105 0.065  H
2457894.97802 16.143 0.149  H
2457897.99205 16.043 0.061  H
2457900.98358 15.732 0.050  H
2457903.97200 15.795 0.094  H
2457909.95226 15.719 0.049  H
2457912.93553 15.714 0.112  H
2457918.93127 16.090 0.080  H
2457924.91406 16.167 0.085  H
2457927.92885 16.090 0.053  H
2457930.90038 16.138 0.072  H
2457933.87451 16.166 0.114  H
2457936.90956 16.149 0.106  H
2457939.87742 16.250 0.149  H
2457945.90717 16.170 0.073  H
2457948.84404 16.162 0.197  H
2457951.84650 16.154 0.065  H
2457954.82170 16.162 0.066  H
2457957.82172 16.333 0.215  H
2457960.82594 16.220 0.146  H
2457966.80837 16.288 0.100  H
2457972.80001 16.250 0.076  H
2457978.79479 16.211 0.074  H
2457981.79830 16.358 0.139  H
2458006.71278 16.200 0.102  H
2458006.71403 16.190 0.101  H
2458007.71545 16.256 0.186  H
2458007.71670 16.315 0.186  H
2458008.72041 16.176 0.121  H
2458008.72168 16.132 0.123  H
2458009.71836 16.193 0.387  H
2458010.71790 16.202 0.129  H
2458010.71915 16.151 0.126  H
2458011.71766 16.198 0.141  H
2458011.71891 16.189 0.135  H
2458019.70761 16.128 0.100  H
2458019.70885 16.140 0.094  H
2458020.71169 16.369 0.254  H
2458021.70696 16.270 0.157  H
2458021.70820 16.179 0.124  H
2458025.71983 16.141 0.110  H
2458025.72107 16.065 0.104  H
2458026.70813 16.198 0.131  H
2458026.70937 16.162 0.133  H
2458027.70838 16.136 0.098  H
2458027.70963 16.122 0.087  H
2458029.70757 16.125 0.082  H
2458029.70882 16.082 0.120  H
2458030.71015 16.378 0.296  H
2458030.71139 16.276 0.317  H
2458036.69448 16.215 0.156  H
2458036.69573 16.153 0.156  H
2458037.69752 16.165 0.127  H
2458037.69875 16.169 0.125  H
2458222.07335 16.204 0.070  H
2458234.10507 16.204 0.084  H
2458254.99998 16.271 0.090  H
2458257.99125 16.275 0.130  H
2458260.98228 16.220 0.081  H
2458263.96332 16.215 0.101  H
2458266.94924 16.266 0.126  H
2458273.96171 16.330 0.211  H
2458279.91796 16.284 0.083  H
2458282.91734 16.302 0.114  H
2458285.93496 16.243 0.108  H
2458291.91135 16.168 0.103  H
2458294.91161 16.234 0.082  H
2458300.93234 16.223 0.078  H
2458303.95346 16.224 0.118  H
2458309.85590 16.224 0.079  H
2458312.85079 16.311 0.163  H
2458315.88679 16.236 0.073  H
2458321.84063 16.284 0.124  H
2458327.85030 16.279 0.081  H
2458330.79262 16.325 0.127  H
2458333.79807 16.316 0.188  H
2458336.77824 16.279 0.080  H
2458592.07791 16.406 0.169  H
2458595.06972 16.322 0.095  H
2458601.04942 16.398 0.155  H
2458607.04469 16.362 0.116  H
2458613.04545 16.366 0.101  H
2458616.00981 16.317 0.088  H
2458618.98615 16.355 0.109  H
2458622.00713 16.398 0.161  H
2458629.01422 16.358 0.115  H
2458631.98689 16.290 0.077  H
2458634.96742 16.355 0.114  H
2458637.94240 16.454 0.194  H
2458643.96162 16.305 0.087  H
2458646.92459 16.334 0.082  H
2458649.92630 16.418 0.141  H
2458664.85374 16.249 0.072  H
2458667.85092 16.372 0.106  H
2458676.83036 16.312 0.079  H
