2458222.10279 15.011 0.028  H
2458234.13720 15.017 0.029  H
2458254.03009 15.006 0.040  H
2458255.02905 14.960 0.040  H
2458257.04377 15.000 0.043  H
2458259.03957 14.992 0.035  H
2458260.03733 14.979 0.044  H
2458261.01465 14.978 0.028  H
2458262.01040 14.987 0.034  H
2458263.99207 14.959 0.048  H
2458265.02484 14.975 0.039  H
2458266.03504 14.969 0.034  H
2458266.97747 14.953 0.052  H
2458272.00772 14.921 0.039  H
2458273.04638 14.895 0.037  H
2458273.99081 14.833 0.048  H
2458274.97146 14.851 0.050  H
2458279.95284 14.657 0.027  H
2458281.95017 14.471 0.024  H
2458282.94958 14.405 0.029  H
2458283.94268 14.298 0.028  H
2458284.95598 14.291 0.023  H
2458286.95968 14.385 0.029  H
2458291.94431 14.518 0.036  H
2458292.92948 14.509 0.031  H
2458293.89625 14.450 0.051  H
2458294.94918 13.285 0.012  H
2458298.91438 14.808 0.025  H
2458299.92678 14.827 0.044  H
2458300.96443 14.897 0.031  H
2458303.98377 14.956 0.036  H
2458304.93505 14.955 0.028  H
2458305.91881 14.985 0.030  H
2458308.91044 14.950 0.041  H
2458309.88440 14.996 0.032  H
2458310.91380 15.008 0.028  H
2458311.91489 14.951 0.041  H
2458315.91506 14.989 0.029  H
2458316.92100 14.963 0.085  H
2458319.93468 15.007 0.060  H
2458321.87310 15.008 0.035  H
2458327.87869 14.965 0.033  H
2458328.83022 14.965 0.057  H
2458330.82366 15.001 0.037  H
2458331.82977 14.975 0.064  H
2458333.83465 14.993 0.049  H
2458335.88178 14.986 0.037  H
2458336.81427 15.019 0.031  H
2457487.10718 15.047 0.026  H
2457487.15182 15.007 0.028  H
2457488.08255 15.028 0.026  H
2457488.12864 15.004 0.036  H
2457489.08600 15.065 0.031  H
2457489.14145 15.027 0.027  H
2457490.09150 15.070 0.030  H
2457490.14142 15.035 0.032  H
2457491.10050 15.037 0.028  H
2457491.14505 15.009 0.035  H
2457492.09655 15.060 0.044  H
2457492.14121 15.031 0.055  H
2457493.08634 15.050 0.057  H
2457493.13092 15.011 0.051  H
2457494.07720 15.018 0.028  H
2457494.12171 15.009 0.028  H
2457495.07974 15.033 0.028  H
2457495.13066 15.027 0.027  H
2457496.06902 15.130 0.106  H
2457496.12725 15.002 0.058  H
2457497.08604 15.020 0.057  H
2457497.13200 15.051 0.044  H
2457498.05039 15.030 0.036  H
2457498.09571 15.011 0.028  H
2457499.08157 15.099 0.082  H
2457499.12589 15.044 0.047  H
2457500.06242 14.997 0.030  H
2457500.10846 15.005 0.031  H
2457501.04422 14.988 0.045  H
2457501.08934 14.988 0.037  H
2457502.05584 14.997 0.056  H
2457502.10042 14.987 0.046  H
2457503.05067 15.013 0.043  H
2457503.09572 14.981 0.031  H
2457507.05067 15.024 0.032  H
2457507.10172 15.028 0.030  H
2457508.06360 15.033 0.041  H
2457508.10815 15.018 0.050  H
2457509.05444 15.016 0.030  H
2457509.10624 15.005 0.029  H
2457510.02562 15.020 0.035  H
2457510.13166 15.043 0.033  H
2457511.03613 15.050 0.045  H
2457511.08530 15.038 0.058  H
2457512.04438 15.027 0.032  H
2457512.09291 15.026 0.034  H
2457513.02162 15.015 0.033  H
2457513.06964 15.026 0.033  H
2457515.01449 15.002 0.032  H
2457515.05996 15.064 0.031  H
2457516.01014 15.016 0.043  H
2457516.05594 15.016 0.028  H
2457517.02249 15.026 0.033  H
2457517.06604 14.985 0.050  H
2457519.03654 15.150 0.111  H
2457519.08509 15.096 0.073  H
2457520.04214 14.962 0.042  H
2457520.08745 15.008 0.033  H
2457521.04207 15.042 0.035  H
2457521.08527 15.002 0.028  H
2457523.07008 15.012 0.032  H
2457524.03389 15.040 0.031  H
2457524.09701 14.993 0.037  H
2457525.01726 15.051 0.059  H
2457526.01070 14.986 0.032  H
2457526.05508 15.026 0.034  H
2457527.06555 15.022 0.029  H
2457527.98967 15.020 0.048  H
2457528.03499 15.003 0.037  H
2457528.99254 14.985 0.033  H
2457529.04103 15.028 0.032  H
2457529.98168 14.927 0.048  H
2457530.03937 15.036 0.037  H
2457531.01719 15.066 0.034  H
2457531.06488 15.065 0.034  H
2457532.00194 15.009 0.034  H
2457532.04910 15.048 0.034  H
2457535.04822 15.031 0.035  H
2457536.02421 15.034 0.036  H
2457536.07290 15.030 0.032  H
2457537.98966 14.999 0.034  H
2457538.08335 14.994 0.034  H
2457539.00764 15.024 0.029  H
2457539.05140 15.018 0.033  H
2457539.95886 14.992 0.041  H
2457540.00737 15.028 0.059  H
2457540.98409 15.044 0.049  H
2457541.04064 15.016 0.039  H
2457541.96062 15.015 0.031  H
2457542.00655 15.035 0.033  H
2457542.05869 15.034 0.031  H
2457542.93393 15.010 0.050  H
2457542.98229 15.042 0.055  H
2457543.03520 15.064 0.039  H
2457543.96764 15.036 0.051  H
2457544.01695 15.063 0.056  H
2457544.06442 15.038 0.044  H
2457544.93528 15.032 0.038  H
2457544.98485 15.026 0.029  H
2457545.94950 15.023 0.034  H
2457545.99862 15.043 0.028  H
2457546.05566 15.016 0.029  H
2457546.92061 15.030 0.038  H
2457546.96743 15.037 0.047  H
2457547.01188 15.008 0.032  H
2457547.96006 15.018 0.031  H
2457548.05158 15.016 0.030  H
2457548.96634 15.033 0.029  H
2457549.01103 15.016 0.030  H
2457549.95886 15.038 0.030  H
2457550.01068 15.036 0.029  H
2457550.05543 15.025 0.038  H
2457550.94587 15.055 0.031  H
2457550.99111 15.048 0.032  H
2457551.04121 15.018 0.032  H
2457554.95675 14.961 0.058  H
2457555.00328 15.003 0.042  H
2457555.04670 15.035 0.047  H
2457555.91730 15.036 0.032  H
2457555.96080 15.021 0.027  H
2457558.93010 15.034 0.035  H
2457558.97657 15.054 0.033  H
2457559.02443 15.003 0.043  H
2457561.92514 15.071 0.038  H
2457561.97505 15.010 0.030  H
2457562.02383 15.030 0.032  H
2457562.87818 15.059 0.041  H
2457562.92651 15.057 0.032  H
2457562.97234 15.021 0.033  H
2457563.91332 15.044 0.037  H
2457563.95724 15.024 0.038  H
2457564.91008 15.021 0.029  H
2457564.95389 15.000 0.028  H
2457565.00424 15.014 0.030  H
2457567.96775 15.011 0.051  H
2457573.85325 15.025 0.031  H
2457573.90386 15.019 0.028  H
2457573.95056 15.031 0.030  H
2457574.86521 15.013 0.037  H
2457574.91231 15.060 0.040  H
2457574.95769 15.013 0.037  H
2457575.89439 14.909 0.040  H
2457575.95095 15.010 0.027  H
2457576.86570 15.011 0.037  H
2457576.91263 15.019 0.035  H
2457576.96146 15.012 0.043  H
2457577.84174 15.033 0.045  H
2457577.88824 15.024 0.039  H
2457577.93515 15.067 0.059  H
2457864.09270 15.003 0.029  H
2457865.08454 14.963 0.036  H
2457878.08826 14.986 0.041  H
2457879.06057 15.017 0.027  H
2457880.06759 15.028 0.026  H
2457881.05737 15.006 0.025  H
2457883.04202 14.984 0.046  H
2457884.06286 15.003 0.027  H
2457885.07396 14.988 0.032  H
2457886.07119 14.996 0.049  H
2457891.01765 15.012 0.028  H
2457892.02252 15.009 0.029  H
2457893.02742 15.001 0.038  H
2457895.05804 15.014 0.031  H
2457898.02022 15.020 0.041  H
2457900.04106 15.023 0.031  H
2457901.01649 14.982 0.037  H
2457902.04005 15.001 0.029  H
2457905.02144 15.030 0.033  H
2457906.00321 15.021 0.029  H
2457908.00923 15.033 0.034  H
2457909.98353 15.018 0.037  H
2457910.97311 14.996 0.029  H
2457912.00052 14.990 0.040  H
2457912.96406 14.979 0.039  H
2457916.98164 14.989 0.030  H
2457917.97848 14.984 0.056  H
2457918.96440 15.036 0.040  H
2457924.94279 15.004 0.040  H
2457926.92424 14.998 0.032  H
2457927.96088 15.033 0.027  H
2457928.93981 15.019 0.026  H
2457929.93428 15.013 0.029  H
2457932.92751 14.938 0.058  H
2457933.90783 15.003 0.035  H
2457934.90116 14.998 0.030  H
2457936.93784 15.012 0.031  H
2457937.90698 15.011 0.029  H
2457939.91027 15.004 0.048  H
2457945.93895 15.012 0.030  H
2457948.87945 15.018 0.053  H
2457949.89382 15.014 0.035  H
2457950.88193 15.009 0.031  H
2457951.87520 15.018 0.030  H
2457953.92953 15.015 0.028  H
2457954.85058 14.993 0.033  H
2457955.86709 14.987 0.054  H
2457958.84789 15.025 0.027  H
2457959.84780 14.995 0.044  H
2457960.85808 15.012 0.029  H
2457961.85291 14.996 0.040  H
2457964.84775 15.016 0.032  H
2457966.83707 15.029 0.035  H
2457970.84856 14.993 0.033  H
2457971.84477 14.993 0.041  H
2457972.82828 15.005 0.040  H
2457974.88404 15.057 0.092  H
2457976.84785 15.031 0.030  H
2457977.83398 15.027 0.028  H
2457978.83062 15.011 0.029  H
2457980.82774 14.983 0.033  H
2457981.82672 14.976 0.046  H
2457982.83020 14.980 0.047  H
2457983.81950 15.065 0.044  H
2457988.79609 14.982 0.047  H
2457989.79578 14.973 0.050  H
2457990.79666 15.001 0.032  H
2457991.79727 14.998 0.052  H
2457992.80336 14.988 0.031  H
2457993.84347 15.025 0.036  H
2458590.09691 15.037 0.031  H
2458591.10796 15.028 0.047  H
2458592.10658 15.027 0.057  H
2458593.10355 15.049 0.049  H
2458594.10232 15.043 0.042  H
2458595.09843 15.071 0.041  H
2458599.09000 15.032 0.034  H
2458600.09114 15.049 0.036  H
2458601.09016 15.009 0.037  H
2458605.07562 15.070 0.031  H
2458606.08676 15.028 0.033  H
2458607.07379 15.042 0.039  H
2458611.07649 15.047 0.038  H
2458612.09137 15.033 0.029  H
2458614.05517 15.036 0.040  H
2458615.04162 15.060 0.038  H
2458616.04247 15.008 0.031  H
2458617.02915 15.009 0.048  H
2458619.01967 15.038 0.033  H
2458620.04101 15.042 0.032  H
2458621.04143 15.038 0.037  H
2458622.04066 15.140 0.075  H
2458627.05120 15.047 0.037  H
2458628.03236 15.066 0.054  H
2458629.05066 15.026 0.037  H
2458630.01934 15.066 0.063  H
2458632.01673 15.013 0.030  H
2458632.98734 15.040 0.032  H
2458633.98085 15.265 0.213  H
2458635.00420 15.020 0.049  H
2458636.98787 15.017 0.035  H
2458637.97109 15.008 0.054  H
2458640.02414 15.052 0.044  H
2458642.00387 15.073 0.045  H
2458642.97063 15.040 0.038  H
2458643.99248 15.047 0.041  H
2458644.95528 15.058 0.051  H
2458646.96209 15.029 0.033  H
2458647.98288 15.027 0.036  H
2458648.97320 15.011 0.035  H
2458649.95877 15.043 0.053  H
2458653.94898 15.070 0.056  H
2458654.94889 15.026 0.033  H
2458659.94328 15.072 0.062  H
2458660.93797 15.037 0.035  H
2458664.88660 15.022 0.030  H
2458665.00528 15.032 0.034  H
2458665.90053 15.038 0.040  H
2458666.88922 15.041 0.033  H
2458667.00478 15.024 0.038  H
2458668.90031 15.049 0.047  H
2458669.93728 15.075 0.035  H
2458671.91009 15.034 0.030  H
2458674.88167 15.057 0.121  H
2458675.85414 15.021 0.046  H
2458676.86318 15.031 0.032  H
2458680.92638 15.039 0.036  H
2458708.82240 15.035 0.040  H
2458709.81735 15.164 0.078  H
2458710.81586 15.217 0.090  H
2458712.87474 15.904 0.793  H
2458714.81472 15.079 0.057  H
2458715.81137 15.092 0.081  H
2458717.85635 15.064 0.050  H
2458718.82761 15.071 0.064  H
2458719.82421 15.044 0.041  H
2458721.82181 15.038 0.047  H
2458724.82171 15.038 0.041  H
2458736.78856 15.064 0.044  H
2458258.02980 14.626 0.039  K
2458263.06903 14.658 0.037  K
2458276.01770 14.520 0.035  K
2458285.97261 13.971 0.029  K
2458290.97021 14.196 0.022  K
2458312.88907 14.647 0.044  K
2458329.88877 14.673 0.030  K
2457882.08769 14.671 0.028  K
2457887.09869 14.670 0.047  K
2457894.04882 14.663 0.029  K
2457904.00885 14.675 0.029  K
2457921.00774 14.667 0.030  K
2457925.97157 14.692 0.028  K
2457930.93369 14.675 0.035  K
2457935.94313 14.663 0.036  K
2457947.95124 14.650 0.037  K
2457957.85035 14.635 0.037  K
2457967.86690 14.684 0.028  K
2457979.85350 14.663 0.031  K
2458613.08786 14.715 0.031  K
2458618.07638 14.681 0.049  K
2458623.07691 14.734 0.038  K
2458631.03238 14.688 0.028  K
2458645.98955 14.725 0.057  K
2458663.00910 14.698 0.035  K
2458667.89256 14.727 0.029  K
2458677.92942 14.757 0.062  K
