2457864.09687 13.392 0.011  H
2457865.08853 13.411 0.011  H
2457878.09236 13.409 0.012  H
2457879.06458 13.351 0.011  H
2457880.07160 13.394 0.011  H
2457881.06138 13.385 0.011  H
2457883.04603 13.433 0.013  H
2457884.06688 13.360 0.011  H
2457885.07798 13.448 0.012  H
2457886.07521 13.436 0.014  H
2457891.02166 13.399 0.011  H
2457892.02651 13.380 0.011  H
2457893.03143 13.458 0.012  H
2457895.06206 13.385 0.011  H
2457898.02422 13.416 0.012  H
2457900.04511 13.392 0.011  H
2457901.02051 13.420 0.012  H
2457902.04407 13.419 0.011  H
2457905.02545 13.414 0.011  H
2457906.00725 13.374 0.011  H
2457908.01326 13.408 0.013  H
2457909.98757 13.423 0.012  H
2457910.97713 13.405 0.011  H
2457912.00454 13.417 0.014  H
2457912.96806 13.399 0.013  H
2457916.98568 13.414 0.011  H
2457917.98252 13.414 0.012  H
2457918.96865 13.426 0.012  H
2457924.94684 13.442 0.012  H
2457926.92827 13.436 0.012  H
2457927.96494 13.402 0.011  H
2457928.94387 13.368 0.011  H
2457929.93834 13.376 0.011  H
2457932.93490 13.375 0.013  H
2457933.91188 13.452 0.012  H
2457934.90522 13.406 0.011  H
2457936.94185 13.434 0.012  H
2457937.91108 13.397 0.011  H
2457939.91431 13.417 0.015  H
2457945.94301 13.400 0.011  H
2457948.88359 13.399 0.013  H
2457949.89790 13.360 0.011  H
2457950.88600 13.375 0.011  H
2457951.87927 13.287 0.011  H
2457953.93359 13.257 0.011  H
2457954.85463 13.242 0.011  H
2457955.87116 13.223 0.012  H
2457958.85212 13.095 0.011  H
2457959.85185 13.150 0.012  H
2457960.86214 13.102 0.011  H
2457961.85699 13.183 0.012  H
2457964.85182 13.246 0.011  H
2457965.84455 13.324 0.014  H
2457966.84113 13.325 0.011  H
2457970.85263 13.393 0.011  H
2457971.84885 13.408 0.012  H
2457972.83238 13.411 0.013  H
2457974.87736 13.405 0.014  H
2457976.85193 13.365 0.011  H
2457977.83805 13.382 0.011  H
2457978.83470 13.389 0.011  H
2457980.83181 13.397 0.012  H
2457981.83080 13.472 0.013  H
2457982.83482 13.434 0.014  H
2457983.82360 13.462 0.013  H
2457988.78923 13.425 0.013  H
2457989.78894 13.441 0.013  H
2457990.78941 13.428 0.012  H
2457991.79057 13.376 0.012  H
2457992.79670 13.424 0.011  H
2457993.83677 13.431 0.012  H
2458222.10684 13.444 0.011  H
2458234.14119 13.447 0.011  H
2458254.03521 13.426 0.012  H
2458255.03311 13.435 0.012  H
2458257.04779 13.416 0.013  H
2458259.04365 13.430 0.012  H
2458260.04140 13.451 0.014  H
2458261.01882 13.412 0.011  H
2458262.01456 13.453 0.012  H
2458263.99606 13.394 0.016  H
2458265.02886 13.435 0.013  H
2458266.03905 13.452 0.012  H
2458266.98147 13.409 0.012  H
2458272.01180 13.450 0.013  H
2458273.05047 13.420 0.013  H
2458273.99483 13.440 0.014  H
2458274.97555 13.467 0.015  H
2458279.95687 13.399 0.011  H
2458281.94336 13.452 0.012  H
2458282.95369 13.410 0.012  H
2458283.93578 13.423 0.012  H
2458284.94925 13.417 0.012  H
2458286.95276 13.419 0.012  H
2458291.94834 13.424 0.033  H
2458292.92267 13.440 0.013  H
2458293.88918 13.343 0.036  H
2458294.95322 13.436 0.012  H
2458298.90754 13.418 0.011  H
2458299.91998 13.431 0.012  H
2458300.96847 13.445 0.012  H
2458303.98787 13.410 0.012  H
2458304.92761 13.404 0.011  H
2458305.92287 13.401 0.011  H
2458308.91449 13.447 0.013  H
2458309.89526 13.403 0.011  H
2458310.91786 13.401 0.012  H
2458311.91902 13.441 0.013  H
2458316.92894 13.442 0.015  H
2458319.93875 13.428 0.014  H
2458321.87715 13.414 0.012  H
2458327.88877 13.412 0.011  H
2458328.83427 13.431 0.013  H
2458330.82773 13.416 0.012  H
2458331.83458 13.452 0.015  H
2458333.83873 13.369 0.013  H
2458335.88586 13.428 0.013  H
2458336.81833 13.398 0.011  H
2458590.10093 13.382 0.011  H
2458591.11196 13.398 0.013  H
2458592.11059 13.449 0.013  H
2458593.10763 13.436 0.013  H
2458594.10640 13.434 0.012  H
2458595.10265 13.422 0.012  H
2458599.09410 13.393 0.011  H
2458600.09520 13.396 0.013  H
2458601.09463 13.414 0.012  H
2458605.07968 13.393 0.011  H
2458606.09082 13.390 0.012  H
2458607.08316 13.429 0.012  H
2458611.08072 13.415 0.012  H
2458612.09567 13.368 0.011  H
2458614.05968 13.380 0.012  H
2458615.04569 13.415 0.012  H
2458616.04652 13.396 0.012  H
2458617.03323 13.423 0.014  H
2458619.02375 13.399 0.012  H
2458620.04516 13.377 0.011  H
2458621.04549 13.414 0.012  H
2458622.04473 13.425 0.013  H
2458627.05558 13.407 0.012  H
2458628.03654 13.418 0.013  H
2458629.05490 13.416 0.012  H
2458630.02345 13.421 0.014  H
2458632.02085 13.378 0.011  H
2458632.99143 13.395 0.011  H
2458633.98495 13.405 0.016  H
2458635.00833 13.433 0.013  H
2458636.99199 13.396 0.012  H
2458637.97516 13.438 0.012  H
2458640.02834 13.458 0.013  H
2458642.00803 13.404 0.012  H
2458642.97475 13.418 0.012  H
2458643.99658 13.417 0.012  H
2458644.95938 13.441 0.013  H
2458646.96621 13.428 0.012  H
2458647.98701 13.404 0.012  H
2458648.97735 13.387 0.012  H
2458649.96317 13.407 0.013  H
2458653.95357 13.470 0.013  H
2458654.95316 13.408 0.012  H
2458659.94737 13.427 0.014  H
2458660.94207 13.421 0.012  H
2458664.89070 13.369 0.011  H
2458665.00941 13.457 0.012  H
2458665.90484 13.399 0.012  H
2458666.89332 13.386 0.011  H
2458668.90442 13.420 0.013  H
2458669.94138 13.391 0.011  H
2458671.91419 13.390 0.011  H
2458674.88578 13.444 0.017  H
2458675.85828 13.400 0.013  H
2458676.86733 13.410 0.011  H
2458680.93051 13.393 0.012  H
2458708.82692 13.405 0.013  H
2458709.82150 13.423 0.015  H
2458710.82005 13.340 0.013  H
2458714.81898 13.411 0.013  H
2458715.81552 13.432 0.022  H
2458717.86051 13.389 0.013  H
2458718.83180 13.422 0.013  H
2458719.82838 13.402 0.012  H
2458721.82598 13.402 0.012  H
2458724.82590 13.414 0.013  H
2458736.79698 13.385 0.013  H
