2457864.02330 12.374 0.011  K
2457864.06224 12.354 0.011  K
2457864.10798 12.344 0.010  K
2457865.01791 12.363 0.011  K
2457865.09964 12.356 0.011  K
2457878.01524 12.374 0.010  K
2457878.05983 12.362 0.012  K
2457878.10348 12.350 0.011  K
2457878.98478 12.319 0.010  K
2457879.02460 12.331 0.010  K
2457879.07569 12.327 0.010  K
2457879.99257 12.361 0.010  K
2457880.08274 12.353 0.010  K
2457880.98603 12.353 0.010  K
2457881.02867 12.362 0.010  K
2457881.07246 12.331 0.010  K
2457882.00416 12.355 0.011  K
2457882.00547 12.349 0.011  K
2457882.00678 12.316 0.010  K
2457882.97168 12.376 0.011  K
2457883.05713 12.326 0.011  K
2457883.98706 12.342 0.010  K
2457884.02741 12.343 0.011  K
2457884.07864 12.350 0.011  K
2457885.00346 12.318 0.011  K
2457885.04374 12.329 0.010  K
2457885.09317 12.325 0.010  K
2457885.99680 12.331 0.011  K
2457886.08681 12.350 0.011  K
2457887.00881 12.344 0.012  K
2457887.01012 12.341 0.011  K
2457887.01141 12.335 0.011  K
2457890.94756 12.319 0.010  K
2457890.98922 12.327 0.010  K
2457891.03273 12.305 0.010  K
2457891.94934 12.321 0.010  K
2457892.03763 12.327 0.010  K
2457892.95237 12.331 0.011  K
2457892.99095 12.314 0.010  K
2457893.04250 12.329 0.011  K
2457893.96881 12.336 0.011  K
2457893.97013 12.308 0.011  K
2457893.97144 12.343 0.011  K
2457894.93722 12.318 0.011  K
2457895.07313 12.309 0.010  K
2457897.94666 12.318 0.011  K
2457898.03602 12.360 0.010  K
2457898.98988 12.317 0.010  K
2457898.99118 12.316 0.010  K
2457898.99250 12.313 0.010  K
2457899.96723 12.310 0.010  K
2457900.00632 12.298 0.010  K
2457900.05617 12.326 0.011  K
2457900.94143 12.285 0.011  K
2457901.03208 12.330 0.011  K
2457901.95463 12.304 0.010  K
2457902.00190 12.302 0.010  K
2457902.05535 12.297 0.010  K
2457902.94220 12.302 0.010  K
2457903.92704 12.350 0.011  K
2457904.02444 12.307 0.010  K
2457904.94886 12.296 0.010  K
2457904.98747 12.317 0.011  K
2457905.03658 12.297 0.010  K
2457905.92563 12.305 0.010  K
2457905.96416 12.307 0.010  K
2457906.01837 12.304 0.010  K
2457907.93378 12.312 0.011  K
2457907.97223 12.307 0.011  K
2457908.02428 12.343 0.011  K
2457909.91074 12.279 0.011  K
2457909.99862 12.283 0.010  K
2457910.89443 12.300 0.011  K
2457910.93310 12.289 0.010  K
2457910.98815 12.285 0.010  K
2457911.97034 12.299 0.010  K
2457912.89764 12.310 0.010  K
2457912.97905 12.290 0.012  K
2457916.90887 12.278 0.010  K
2457916.95320 12.283 0.010  K
2457917.00292 12.275 0.010  K
2457917.90583 12.263 0.010  K
2457917.94987 12.297 0.011  K
2457917.99766 12.282 0.010  K
2457918.89313 12.297 0.010  K
2457918.97975 12.286 0.010  K
2457920.92636 12.259 0.010  K
2457920.92767 12.258 0.011  K
2457920.92898 12.267 0.011  K
2457924.87424 12.258 0.011  K
2457924.95781 12.268 0.011  K
2457925.89338 12.244 0.010  K
2457925.89468 12.249 0.010  K
2457925.89599 12.248 0.010  K
2457926.85718 12.247 0.010  K
2457926.89578 12.255 0.010  K
2457926.94539 12.266 0.010  K
2457927.89034 12.242 0.010  K
2457927.97640 12.263 0.010  K
2457928.86247 12.280 0.011  K
2457928.90508 12.233 0.011  K
2457928.95592 12.252 0.010  K
2457929.85394 12.229 0.010  K
2457929.89928 12.245 0.010  K
2457929.94928 12.236 0.010  K
2457930.86203 12.239 0.010  K
2457930.94849 12.262 0.010  K
2457931.90546 12.239 0.010  K
2457931.94793 12.235 0.010  K
2457932.85403 12.211 0.011  K
2457932.89881 12.238 0.011  K
2457932.94648 12.285 0.012  K
2457933.83598 12.222 0.011  K
2457933.92283 12.259 0.011  K
2457934.83408 12.235 0.010  K
2457934.87258 12.200 0.010  K
2457934.91618 12.206 0.010  K
2457935.86447 12.246 0.011  K
2457935.86578 12.248 0.011  K
2457935.86709 12.227 0.011  K
2457936.86756 12.222 0.011  K
2457936.95277 12.209 0.010  K
2457937.83062 12.231 0.010  K
2457937.86977 12.205 0.010  K
2457937.92216 12.198 0.010  K
2457939.83953 12.277 0.014  K
2457939.92527 12.223 0.016  K
2457944.86814 12.196 0.010  K
2457944.92131 12.168 0.011  K
2457945.85712 12.189 0.010  K
2457945.95391 12.180 0.010  K
2457947.87512 12.178 0.011  K
2457947.87641 12.182 0.011  K
2457947.87770 12.190 0.011  K
2457948.80593 12.159 0.012  K
2457948.89449 12.165 0.011  K
2457949.82434 12.161 0.011  K
2457949.86409 12.143 0.010  K
2457949.90885 12.174 0.011  K
2457950.80885 12.164 0.010  K
2457950.85333 12.141 0.010  K
2457950.89691 12.159 0.010  K
2457951.80417 12.153 0.010  K
2457951.89019 12.161 0.010  K
2457952.86067 12.140 0.010  K
2457952.86198 12.108 0.010  K
2457952.86338 12.149 0.010  K
2457953.85648 12.132 0.010  K
2457953.89957 12.135 0.010  K
2457953.94447 12.161 0.010  K
2457954.78383 12.132 0.010  K
2457954.86553 12.132 0.010  K
2457955.80023 12.131 0.010  K
2457955.83865 12.122 0.010  K
2457955.88208 12.158 0.011  K
2457957.78071 12.137 0.012  K
2457957.86513 12.118 0.012  K
2457958.77641 12.117 0.010  K
2457958.81518 12.091 0.010  K
2457958.86298 12.105 0.010  K
2457959.77667 12.108 0.011  K
2457959.81834 12.112 0.011  K
2457959.86269 12.107 0.011  K
2457960.78033 12.132 0.010  K
2457960.87303 12.086 0.010  K
2457961.77565 12.103 0.011  K
2457961.82076 12.101 0.010  K
2457961.86785 12.078 0.011  K
2457964.77461 12.079 0.010  K
2457964.81889 12.071 0.010  K
2457964.86271 12.073 0.010  K
2457965.76155 12.023 0.011  K
2457965.80091 12.046 0.011  K
2457965.85540 12.053 0.011  K
2457966.76813 12.100 0.011  K
2457966.85235 12.069 0.011  K
2457967.79040 12.033 0.011  K
2457967.79171 12.033 0.010  K
2457967.79301 12.043 0.011  K
2457970.77234 12.033 0.010  K
2457970.82001 12.023 0.011  K
2457970.87497 11.997 0.010  K
2457971.77049 12.002 0.010  K
2457971.80999 12.001 0.010  K
2457971.85968 12.008 0.010  K
2457972.76012 12.044 0.011  K
2457972.84319 12.083 0.010  K
2457974.85725 11.977 0.010  K
2457976.76539 11.947 0.010  K
2457976.81524 11.964 0.010  K
2457976.86279 11.936 0.010  K
2457977.75948 11.974 0.010  K
2457977.80537 11.945 0.010  K
2457977.84898 11.948 0.010  K
2457978.75579 11.939 0.010  K
2457978.84553 11.926 0.010  K
2457979.77934 11.954 0.010  K
2457979.78065 11.923 0.010  K
2457979.78196 11.930 0.010  K
2457980.75535 11.934 0.010  K
2457980.79406 11.914 0.010  K
2457980.84263 11.913 0.010  K
2457981.76019 11.887 0.011  K
2457981.84801 11.911 0.010  K
2457982.75852 11.863 0.011  K
2457982.79711 11.900 0.011  K
2457982.84572 11.937 0.012  K
2457983.75234 11.884 0.010  K
2457983.79090 11.885 0.010  K
2457983.83441 11.844 0.010  K
2457985.79148 11.823 0.010  K
2457985.85359 11.866 0.010  K
2457988.77273 11.801 0.010  K
2457988.82520 11.810 0.010  K
2457989.77191 11.812 0.010  K
2457989.81639 11.803 0.011  K
2457990.77270 11.791 0.010  K
2457990.81710 11.791 0.010  K
2457991.77363 11.794 0.010  K
2457991.81773 11.906 0.011  K
2457992.77313 11.759 0.010  K
2457992.82493 11.818 0.010  K
2457993.81948 11.759 0.010  K
2458006.70985 11.550 0.010  K
2458006.71110 11.544 0.010  K
2458007.71261 11.547 0.010  K
2458007.71386 11.539 0.011  K
2458008.71757 11.526 0.010  K
2458008.71882 11.551 0.010  K
2458009.71552 11.790 0.015  K
2458009.71676 11.536 0.011  K
2458010.71454 11.480 0.010  K
2458010.71631 11.513 0.010  K
2458011.71482 11.518 0.010  K
2458011.71608 11.508 0.010  K
2458013.70854 11.475 0.010  K
2458018.75163 11.518 0.012  K
2458019.70477 11.458 0.010  K
2458019.70602 11.460 0.010  K
2458020.70760 11.448 0.010  K
2458020.70884 11.513 0.011  K
2458021.70385 11.471 0.010  K
2458021.70510 11.471 0.010  K
2458025.71700 11.503 0.010  K
2458025.71825 11.493 0.010  K
2458026.70529 11.517 0.010  K
2458026.70653 11.511 0.010  K
2458027.70554 11.542 0.010  K
2458027.70679 11.517 0.010  K
2458029.70474 11.554 0.010  K
2458029.70597 11.521 0.010  K
2458030.70679 11.577 0.011  K
2458030.70805 11.562 0.011  K
2458036.69166 11.710 0.010  K
2458036.69291 11.693 0.010  K
2458037.69467 11.641 0.010  K
2458037.69591 11.655 0.010  K
2458319.87824 15.657 0.542  K
2458222.04594 12.354 0.011  K
2458222.11814 12.372 0.010  K
2458234.06955 12.433 0.011  K
2458236.09053 12.391 0.011  K
2458236.09183 12.389 0.012  K
2458236.09315 12.408 0.012  K
2458253.96073 12.412 0.011  K
2458253.98853 12.415 0.011  K
2458254.04633 12.418 0.011  K
2458254.97148 12.398 0.011  K
2458255.04479 12.447 0.011  K
2458255.96444 12.416 0.011  K
2458256.98592 12.427 0.011  K
2458257.01386 12.421 0.011  K
2458257.05893 12.410 0.011  K
2458257.97447 12.377 0.012  K
2458258.04573 12.406 0.011  K
2458258.98292 12.492 0.012  K
2458259.01064 12.411 0.011  K
2458259.05979 12.434 0.011  K
2458259.98014 12.403 0.011  K
2458260.00800 12.393 0.011  K
2458260.05276 12.389 0.011  K
2458260.95447 12.418 0.010  K
2458261.03014 12.421 0.010  K
2458261.95292 12.394 0.011  K
2458261.98139 12.420 0.011  K
2458262.03585 12.400 0.011  K
2458263.00316 12.428 0.011  K
2458263.00448 12.420 0.011  K
2458263.00578 12.405 0.011  K
2458263.93537 12.420 0.011  K
2458264.00819 12.420 0.011  K
2458264.96120 12.419 0.012  K
2458264.99641 12.413 0.011  K
2458265.03990 12.410 0.011  K
2458265.97117 12.409 0.011  K
2458265.99904 12.408 0.011  K
2458266.05013 12.408 0.011  K
2458266.92035 12.405 0.012  K
2458266.99246 12.406 0.011  K
2458271.93810 12.395 0.011  K
2458271.96688 12.419 0.011  K
2458272.02882 12.412 0.011  K
2458272.98308 12.427 0.012  K
2458273.01727 12.409 0.011  K
2458273.06166 12.418 0.011  K
2458273.93462 12.397 0.011  K
2458274.00585 12.413 0.012  K
2458274.90833 12.425 0.013  K
2458274.93882 12.418 0.012  K
2458274.98681 12.443 0.012  K
2458275.94877 12.423 0.011  K
2458275.95007 12.400 0.011  K
2458275.95136 12.409 0.011  K
2458279.89025 12.397 0.011  K
2458279.96837 12.412 0.011  K
2458281.92674 12.396 0.011  K
2458281.97108 12.398 0.011  K
2458282.88868 12.413 0.011  K
2458282.96488 12.393 0.010  K
2458283.91501 12.417 0.011  K
2458283.96392 12.396 0.011  K
2458284.92748 12.392 0.011  K
2458284.97638 12.402 0.011  K
2458285.91430 12.401 0.011  K
2458285.98769 12.401 0.011  K
2458286.93517 12.406 0.011  K
2458286.98067 12.399 0.011  K
2458290.89766 12.397 0.010  K
2458290.89896 12.405 0.010  K
2458290.90026 12.411 0.010  K
2458291.88426 12.401 0.011  K
2458291.95991 12.349 0.013  K
2458292.90253 12.401 0.011  K
2458292.95023 12.408 0.011  K
2458293.86494 12.429 0.014  K
2458293.91683 12.683 0.016  K
2458294.88384 12.405 0.011  K
2458294.96477 12.397 0.011  K
2458298.88586 12.376 0.011  K
2458298.93578 12.409 0.011  K
2458299.90082 12.437 0.011  K
2458299.95044 12.395 0.012  K
2458300.89696 12.396 0.011  K
2458300.97941 12.396 0.011  K
2458303.92595 12.402 0.011  K
2458304.90621 12.402 0.010  K
2458304.95708 12.386 0.010  K
2458305.84708 12.412 0.011  K
2458305.87472 12.381 0.013  K
2458305.93400 12.402 0.011  K
2458307.87935 12.412 0.012  K
2458307.88067 12.404 0.012  K
2458307.88196 12.383 0.011  K
2458308.85058 12.388 0.011  K
2458308.87788 12.417 0.011  K
2458308.92540 12.418 0.011  K
2458309.82501 12.405 0.011  K
2458309.90615 12.399 0.010  K
2458310.84912 12.400 0.012  K
2458310.87758 12.383 0.011  K
2458310.92877 12.391 0.011  K
2458311.85267 12.427 0.011  K
2458311.88078 12.399 0.012  K
2458311.93037 12.396 0.012  K
2458312.83447 12.388 0.011  K
2458312.90386 12.434 0.012  K
2458315.85718 12.417 0.010  K
2458315.93009 12.411 0.011  K
2458316.86342 12.391 0.013  K
2458316.89242 12.427 0.012  K
2458316.94217 12.398 0.012  K
2458317.89793 12.350 0.012  K
2458317.89923 12.368 0.012  K
2458319.87824 12.423 0.015  K
2458319.90605 12.418 0.015  K
2458321.81360 12.401 0.011  K
2458321.88824 12.402 0.011  K
2458327.81998 12.401 0.011  K
2458327.89962 12.414 0.011  K
2458328.76792 12.409 0.012  K
2458328.79845 12.422 0.011  K
2458328.84512 12.440 0.011  K
2458329.81137 12.446 0.011  K
2458329.81269 12.397 0.011  K
2458329.81400 12.411 0.010  K
2458330.76218 12.405 0.011  K
2458330.84114 12.412 0.011  K
2458331.76269 12.403 0.015  K
2458331.79683 12.391 0.015  K
2458331.84543 12.448 0.013  K
2458332.79474 12.428 0.014  K
2458333.75715 12.408 0.011  K
2458333.84981 12.411 0.011  K
2458335.82060 12.411 0.011  K
2458335.84793 12.413 0.011  K
2458335.89692 12.426 0.011  K
2458336.75110 12.403 0.011  K
2458336.82915 12.403 0.010  K
2458590.03505 12.385 0.010  K
2458590.06417 12.393 0.010  K
2458590.11202 12.410 0.010  K
2458591.04657 12.395 0.011  K
2458591.07411 12.403 0.011  K
2458591.12780 12.409 0.011  K
2458592.05076 12.415 0.012  K
2458592.12178 12.407 0.013  K
2458593.04622 12.419 0.011  K
2458593.07411 12.413 0.011  K
2458593.11894 12.456 0.011  K
2458594.04560 12.391 0.011  K
2458594.07352 12.405 0.011  K
2458594.11767 12.409 0.011  K
2458595.04213 12.397 0.010  K
2458595.11396 12.404 0.011  K
2458599.02666 12.397 0.011  K
2458599.05486 12.407 0.011  K
2458599.10620 12.391 0.011  K
2458600.02713 12.388 0.011  K
2458600.05491 12.403 0.011  K
2458600.10648 12.390 0.011  K
2458601.02192 12.394 0.011  K
2458601.10590 12.404 0.011  K
2458605.01659 12.409 0.010  K
2458605.04683 12.391 0.010  K
2458605.09094 12.409 0.010  K
2458606.02003 12.417 0.011  K
2458606.05373 12.426 0.011  K
2458606.10206 12.416 0.011  K
2458607.00540 12.402 0.011  K
2458607.09459 12.393 0.011  K
2458611.01494 12.387 0.011  K
2458611.04324 12.396 0.011  K
2458611.09217 12.409 0.011  K
2458612.02691 12.410 0.010  K
2458612.05545 12.402 0.010  K
2458612.10734 12.406 0.011  K
2458613.02860 12.409 0.011  K
2458613.10326 12.399 0.011  K
2458613.99665 12.402 0.011  K
2458614.02501 12.390 0.011  K
2458614.07105 12.402 0.011  K
2458614.98068 12.412 0.011  K
2458615.00887 12.415 0.011  K
2458615.05694 12.400 0.011  K
2458615.98203 12.402 0.011  K
2458616.05797 12.401 0.011  K
2458616.97253 12.394 0.011  K
2458617.00032 12.414 0.011  K
2458617.04455 12.439 0.011  K
2458618.00319 12.405 0.012  K
2458618.00452 12.401 0.013  K
2458618.00584 12.398 0.013  K
2458618.95843 12.393 0.011  K
2458619.03498 12.394 0.011  K
2458619.97451 12.407 0.011  K
2458620.00231 12.395 0.010  K
2458620.05636 12.407 0.010  K
2458620.97831 12.389 0.011  K
2458621.00646 12.386 0.011  K
2458621.05689 12.406 0.011  K
2458621.97867 12.413 0.011  K
2458622.05598 12.389 0.012  K
2458623.00034 12.393 0.011  K
2458623.00164 12.450 0.011  K
2458623.00295 12.355 0.011  K
2458626.98960 12.397 0.011  K
2458627.01797 12.415 0.011  K
2458627.06700 12.415 0.011  K
2458627.96740 12.398 0.011  K
2458627.99588 12.400 0.011  K
2458628.04799 12.395 0.011  K
2458628.98544 12.382 0.011  K
2458629.06638 12.394 0.011  K
2458629.95837 12.426 0.011  K
2458629.98647 12.392 0.011  K
2458630.03481 12.393 0.012  K
2458630.96251 12.392 0.010  K
2458630.96384 12.400 0.010  K
2458630.96517 12.386 0.010  K
2458631.95915 12.391 0.010  K
2458632.03975 12.396 0.011  K
2458632.92661 12.387 0.010  K
2458632.95677 12.387 0.010  K
2458633.00296 12.389 0.010  K
2458633.91876 12.411 0.011  K
2458633.94800 12.386 0.011  K
2458633.99617 12.388 0.011  K
2458634.93897 12.393 0.011  K
2458635.01952 12.381 0.012  K
2458635.94790 12.395 0.011  K
2458635.94922 12.403 0.011  K
2458635.95056 12.390 0.011  K
2458636.92442 12.395 0.011  K
2458636.95258 12.393 0.011  K
2458637.00322 12.397 0.011  K
2458637.91047 12.407 0.011  K
2458637.98637 12.390 0.011  K
2458639.93876 12.398 0.011  K
2458639.96758 12.400 0.011  K
2458640.03951 12.393 0.011  K
2458641.94605 12.384 0.011  K
2458641.97437 12.400 0.011  K
2458642.01944 12.400 0.011  K
2458642.90321 12.376 0.011  K
2458642.94168 12.396 0.011  K
2458642.98597 12.402 0.011  K
2458643.93299 12.392 0.011  K
2458644.00773 12.390 0.011  K
2458644.89337 12.382 0.011  K
2458644.92197 12.410 0.011  K
2458644.97049 12.393 0.011  K
2458645.91334 12.409 0.011  K
2458645.91467 12.414 0.011  K
2458645.91599 12.392 0.011  K
2458646.89674 12.365 0.010  K
2458646.97745 12.387 0.011  K
2458647.91906 12.423 0.010  K
2458647.94709 12.410 0.011  K
2458647.99826 12.399 0.011  K
2458648.90966 12.397 0.010  K
2458648.93765 12.395 0.011  K
2458648.98858 12.381 0.010  K
2458649.89756 12.427 0.011  K
2458649.97432 12.384 0.011  K
2458653.88778 12.403 0.011  K
2458653.91552 12.407 0.011  K
2458653.96652 12.361 0.011  K
2458654.88680 12.409 0.011  K
2458654.91462 12.388 0.011  K
2458654.96436 12.394 0.011  K
2458655.89469 12.398 0.011  K
2458656.88744 12.388 0.011  K
2458659.88197 12.444 0.013  K
2458659.90973 12.386 0.012  K
2458659.95851 12.426 0.013  K
2458660.87559 12.416 0.011  K
2458660.90885 12.384 0.011  K
2458660.95321 12.434 0.013  K
2458662.93649 12.450 0.011  K
2458662.93781 12.414 0.011  K
2458662.93914 12.388 0.011  K
2458664.82576 12.412 0.011  K
2458664.90178 12.385 0.011  K
2458664.94818 12.392 0.010  K
2458664.97600 12.376 0.010  K
2458665.83487 12.402 0.011  K
2458665.86302 12.397 0.011  K
2458665.91605 12.399 0.011  K
2458665.95532 12.399 0.010  K
2458666.82815 12.409 0.011  K
2458666.85625 12.400 0.011  K
2458666.90444 12.395 0.010  K
2458666.94750 12.397 0.010  K
2458666.97545 12.377 0.010  K
2458667.83402 12.392 0.011  K
2458667.90754 12.403 0.010  K
2458667.95071 12.403 0.010  K
2458667.97900 12.388 0.010  K
2458668.83789 12.425 0.011  K
2458668.86587 12.412 0.011  K
2458668.91551 12.423 0.011  K
2458669.87618 12.393 0.011  K
2458669.90481 12.389 0.010  K
2458669.95245 12.390 0.011  K
2458671.84778 12.384 0.011  K
2458671.87666 12.388 0.011  K
2458671.92525 12.403 0.010  K
2458672.87167 12.392 0.013  K
2458672.87301 12.377 0.011  K
2458672.87435 12.430 0.014  K
2458674.81440 12.389 0.012  K
2458674.84838 12.393 0.011  K
2458674.90027 12.386 0.014  K
2458675.79290 12.413 0.012  K
2458675.82518 12.399 0.011  K
2458675.86936 12.375 0.011  K
2458676.79651 12.396 0.011  K
2458676.87844 12.395 0.010  K
2458677.85938 12.413 0.012  K
2458677.86070 12.385 0.012  K
2458677.86202 12.413 0.012  K
2458680.86523 12.388 0.011  K
2458680.89310 12.410 0.011  K
2458680.94166 12.407 0.011  K
2458708.74616 12.410 0.016  K
2458708.78298 12.400 0.011  K
2458708.84541 12.420 0.011  K
2458709.75078 12.408 0.012  K
2458709.78495 12.384 0.021  K
2458709.83252 12.400 0.012  K
2458710.75325 12.400 0.011  K
2458710.78144 12.376 0.011  K
2458710.83812 12.383 0.011  K
2458711.81607 12.406 0.011  K
2458711.84908 12.394 0.011  K
2458712.78918 12.418 0.013  K
2458712.84521 12.387 0.015  K
2458713.84791 12.403 0.011  K
2458714.74454 12.407 0.012  K
2458714.78012 12.405 0.011  K
2458714.83413 12.405 0.011  K
2458715.74442 12.399 0.014  K
2458715.77896 12.406 0.013  K
2458715.82652 12.340 0.013  K
2458716.82171 12.359 0.011  K
2458716.84998 12.407 0.011  K
2458717.79274 12.407 0.011  K
2458717.82652 12.428 0.012  K
2458718.76383 12.417 0.011  K
2458718.79833 12.424 0.013  K
2458718.84281 12.392 0.011  K
2458719.76068 12.421 0.011  K
2458719.79474 12.403 0.011  K
2458719.83940 12.401 0.011  K
2458721.75805 12.412 0.011  K
2458721.78980 12.386 0.011  K
2458721.83709 12.424 0.012  K
2458722.81005 12.411 0.011  K
2458722.83890 12.455 0.013  K
2458724.75492 12.386 0.012  K
2458724.79255 12.409 0.012  K
2458724.83819 12.388 0.011  K
2458733.76590 12.427 0.015  K
2458734.75974 12.406 0.011  K
2458734.79543 12.421 0.013  K
2458736.72711 12.368 0.011  K
2458736.75900 12.406 0.011  K
2458736.80824 12.422 0.011  K
2457865.05639 13.199 0.010  H
2457880.03101 13.190 0.010  H
2457883.00974 13.201 0.011  H
2457886.04246 13.213 0.011  H
2457891.98778 13.190 0.010  H
2457894.97802 13.185 0.014  H
2457897.99205 13.186 0.010  H
2457900.98358 13.185 0.011  H
2457903.97200 13.132 0.011  H
2457909.95226 13.157 0.011  H
2457912.93553 13.083 0.011  H
2457918.93127 13.141 0.011  H
2457924.91406 13.120 0.011  H
2457927.92885 13.101 0.010  H
2457930.90038 13.113 0.010  H
2457933.87451 13.132 0.011  H
2457936.90956 13.218 0.011  H
2457939.87742 13.083 0.011  H
2457945.90717 13.079 0.010  H
2457948.84404 13.042 0.012  H
2457951.84650 13.052 0.010  H
2457954.82170 13.077 0.010  H
2457957.82172 13.035 0.012  H
2457960.82594 12.988 0.011  H
2457966.80837 12.982 0.011  H
2457972.80001 12.944 0.010  H
2457978.79479 12.879 0.010  H
2457981.79830 12.838 0.011  H
2458006.71278 12.543 0.010  H
2458006.71403 12.571 0.010  H
2458007.71545 12.538 0.011  H
2458007.71670 12.606 0.011  H
2458008.72041 12.540 0.011  H
2458008.72168 12.544 0.010  H
2458009.71836 12.834 0.021  H
2458009.71959 12.788 0.028  H
2458010.71790 12.544 0.011  H
2458010.71915 12.523 0.010  H
2458011.71766 12.536 0.011  H
2458011.71891 12.504 0.011  H
2458019.70761 12.480 0.010  H
2458019.70885 12.480 0.010  H
2458020.71044 12.429 0.011  H
2458020.71169 12.448 0.011  H
2458021.70696 12.500 0.011  H
2458021.70820 12.491 0.010  H
2458025.71983 12.522 0.010  H
2458025.72107 12.516 0.010  H
2458026.70813 12.549 0.010  H
2458026.70937 12.573 0.011  H
2458027.70838 12.582 0.010  H
2458027.70963 12.577 0.010  H
2458029.70757 12.548 0.010  H
2458029.70882 12.533 0.011  H
2458030.71015 12.555 0.012  H
2458030.71139 12.538 0.012  H
2458036.69448 12.639 0.011  H
2458036.69573 12.663 0.011  H
2458037.69752 12.659 0.011  H
2458037.69875 12.666 0.011  H
2458303.95346 18.230 0.501  H
2458222.07335 13.232 0.010  H
2458234.10507 13.250 0.011  H
2458254.99998 13.274 0.011  H
2458257.99125 13.255 0.011  H
2458260.98228 13.251 0.011  H
2458263.96332 13.244 0.011  H
2458266.94924 13.225 0.011  H
2458273.96171 13.246 0.013  H
2458279.91796 13.246 0.011  H
2458282.91734 13.264 0.011  H
2458285.93496 13.260 0.011  H
2458291.91135 13.254 0.011  H
2458294.91161 13.227 0.011  H
2458300.93234 13.246 0.011  H
2458303.95346 13.244 0.012  H
2458309.85590 13.253 0.011  H
2458312.85079 13.229 0.012  H
2458315.88679 13.252 0.011  H
2458321.84063 13.246 0.011  H
2458327.85030 13.236 0.011  H
2458330.79262 13.209 0.011  H
2458333.79807 13.211 0.012  H
2458336.77824 13.246 0.010  H
2458592.07791 13.216 0.012  H
2458595.06972 13.254 0.011  H
2458601.04942 13.208 0.012  H
2458607.04469 13.232 0.011  H
2458613.04545 13.208 0.011  H
2458616.00981 13.239 0.011  H
2458618.98615 13.215 0.011  H
2458622.00713 13.240 0.012  H
2458629.01422 13.224 0.011  H
2458631.98689 13.236 0.010  H
2458634.96742 13.224 0.011  H
2458637.94240 13.254 0.012  H
2458643.96162 13.248 0.011  H
2458646.92459 13.244 0.011  H
2458649.92630 13.250 0.011  H
2458664.85374 13.234 0.010  H
2458667.85092 13.221 0.011  H
2458676.83036 13.239 0.010  H
